1.9180E+03 0.000E+00 1.000E+04
1.9192E+03 9.477E+05 1.533E+04
1.9203E+03 1.895E+06 2.067E+04
1.9215E+03 2.843E+06 2.600E+04
1.9227E+03 3.791E+06 3.133E+04
1.9239E+03 4.739E+06 3.667E+04
1.9250E+03 5.686E+06 4.200E+04
1.9262E+03 6.634E+06 4.733E+04
1.9274E+03 7.582E+06 5.267E+04
1.9285E+03 8.529E+06 5.800E+04
1.9297E+03 9.477E+06 6.333E+04
1.9309E+03 1.042E+07 6.867E+04
1.9320E+03 1.137E+07 7.400E+04
1.9332E+03 1.232E+07 7.933E+04
1.9344E+03 1.327E+07 8.467E+04
1.9356E+03 1.422E+07 9.000E+04
1.9367E+03 1.516E+07 9.533E+04
1.9379E+03 1.611E+07 1.007E+05
1.9391E+03 1.706E+07 1.060E+05
1.9402E+03 1.801E+07 1.113E+05
1.9414E+03 1.895E+07 1.167E+05
1.9426E+03 1.990E+07 1.220E+05
1.9437E+03 2.085E+07 1.273E+05
1.9449E+03 2.180E+07 1.327E+05
1.9461E+03 2.274E+07 1.380E+05
1.9473E+03 2.369E+07 1.433E+05
1.9484E+03 2.464E+07 1.487E+05
1.9496E+03 2.559E+07 1.540E+05
1.9508E+03 2.654E+07 1.593E+05
1.9519E+03 2.748E+07 1.647E+05
1.9531E+03 2.843E+07 1.700E+05
1.9543E+03 2.938E+07 1.753E+05
1.9554E+03 3.033E+07 1.807E+05
1.9566E+03 3.127E+07 1.860E+05
1.9578E+03 3.222E+07 1.913E+05
1.9590E+03 3.317E+07 1.967E+05
1.9601E+03 3.412E+07 2.020E+05
1.9613E+03 3.506E+07 2.073E+05
1.9625E+03 3.601E+07 2.127E+05
1.9636E+03 3.696E+07 2.180E+05
1.9648E+03 3.791E+07 2.233E+05
1.9660E+03 3.886E+07 2.287E+05
1.9671E+03 3.980E+07 2.340E+05
1.9683E+03 4.075E+07 2.393E+05
1.9695E+03 4.170E+07 2.447E+05
1.9707E+03 4.265E+07 2.500E+05
1.9718E+03 4.359E+07 2.553E+05
1.9730E+03 4.454E+07 2.607E+05
1.9742E+03 4.549E+07 2.660E+05
1.9753E+03 4.644E+07 2.713E+05
1.9765E+03 4.739E+07 2.767E+05
1.9777E+03 4.833E+07 2.820E+05
1.9788E+03 4.928E+07 2.873E+05
1.9800E+03 5.023E+07 2.927E+05
1.9812E+03 5.118E+07 2.980E+05
1.9824E+03 5.212E+07 3.033E+05
1.9835E+03 5.307E+07 3.087E+05
1.9847E+03 5.402E+07 3.140E+05
1.9859E+03 5.497E+07 3.193E+05
1.9870E+03 5.591E+07 3.247E+05
1.9882E+03 5.686E+07 3.300E+05
1.9894E+03 5.781E+07 3.353E+05
1.9905E+03 5.876E+07 3.407E+05
1.9917E+03 5.971E+07 3.460E+05
1.9929E+03 6.065E+07 3.513E+05
1.9941E+03 6.160E+07 3.567E+05
1.9952E+03 6.255E+07 3.620E+05
1.9964E+03 6.350E+07 3.673E+05
1.9976E+03 6.444E+07 3.727E+05
1.9987E+03 6.539E+07 3.780E+05
1.9999E+03 6.634E+07 3.833E+05
2.0011E+03 6.729E+07 3.887E+05
2.0022E+03 6.823E+07 3.940E+05
2.0034E+03 6.918E+07 3.993E+05
2.0046E+03 7.013E+07 4.047E+05
2.0058E+03 7.108E+07 4.100E+05
2.0069E+03 7.203E+07 4.153E+05
2.0081E+03 7.297E+07 4.207E+05
2.0093E+03 7.392E+07 4.260E+05
2.0104E+03 7.487E+07 4.313E+05
2.0116E+03 7.582E+07 4.367E+05
2.0128E+03 7.676E+07 4.420E+05
2.0139E+03 7.771E+07 4.473E+05
2.0151E+03 7.866E+07 4.527E+05
2.0163E+03 7.961E+07 4.580E+05
2.0175E+03 8.055E+07 4.633E+05
2.0186E+03 8.150E+07 4.687E+05
2.0198E+03 8.245E+07 4.740E+05
2.0210E+03 8.340E+07 4.793E+05
2.0221E+03 8.435E+07 4.847E+05
2.0233E+03 8.529E+07 4.900E+05
2.0245E+03 8.624E+07 4.953E+05
2.0256E+03 8.719E+07 5.007E+05
2.0268E+03 8.814E+07 5.060E+05
2.0280E+03 8.908E+07 5.113E+05
2.0292E+03 9.003E+07 5.167E+05
2.0303E+03 9.098E+07 5.220E+05
2.0315E+03 9.193E+07 5.273E+05
2.0327E+03 9.287E+07 5.327E+05
2.0338E+03 9.382E+07 5.380E+05
2.0350E+03 9.477E+07 5.433E+05
2.0362E+03 9.572E+07 5.487E+05
2.0373E+03 9.667E+07 5.540E+05
2.0385E+03 9.761E+07 5.593E+05
2.0397E+03 9.856E+07 5.647E+05
2.0409E+03 9.951E+07 5.700E+05
2.0420E+03 1.005E+08 5.753E+05
2.0432E+03 1.014E+08 5.807E+05
2.0444E+03 1.024E+08 5.860E+05
2.0455E+03 1.033E+08 5.913E+05
2.0467E+03 1.042E+08 5.967E+05
2.0479E+03 1.052E+08 6.020E+05
2.0490E+03 1.061E+08 6.073E+05
2.0502E+03 1.071E+08 6.127E+05
2.0514E+03 1.080E+08 6.180E+05
2.0526E+03 1.090E+08 6.233E+05
2.0537E+03 1.099E+08 6.287E+05
2.0549E+03 1.109E+08 6.340E+05
2.0561E+03 1.118E+08 6.393E+05
2.0572E+03 1.128E+08 6.447E+05
2.0584E+03 1.137E+08 6.500E+05
2.0596E+03 1.147E+08 6.553E+05
2.0607E+03 1.156E+08 6.607E+05
2.0619E+03 1.166E+08 6.660E+05
2.0631E+03 1.175E+08 6.713E+05
2.0643E+03 1.185E+08 6.767E+05
2.0654E+03 1.194E+08 6.820E+05
2.0666E+03 1.204E+08 6.873E+05
2.0678E+03 1.213E+08 6.927E+05
2.0689E+03 1.223E+08 6.980E+05
2.0701E+03 1.232E+08 7.033E+05
2.0713E+03 1.241E+08 7.087E+05
2.0724E+03 1.251E+08 7.140E+05
2.0736E+03 1.260E+08 7.193E+05
2.0748E+03 1.270E+08 7.247E+05
2.0760E+03 1.279E+08 7.300E+05
2.0771E+03 1.289E+08 7.353E+05
2.0783E+03 1.298E+08 7.407E+05
2.0795E+03 1.308E+08 7.460E+05
2.0806E+03 1.317E+08 7.513E+05
2.0818E+03 1.327E+08 7.567E+05
2.0830E+03 1.336E+08 7.620E+05
2.0841E+03 1.346E+08 7.673E+05
2.0853E+03 1.355E+08 7.727E+05
2.0865E+03 1.365E+08 7.780E+05
2.0877E+03 1.374E+08 7.833E+05
2.0888E+03 1.384E+08 7.887E+05
2.0900E+03 1.393E+08 7.940E+05
2.0912E+03 1.403E+08 7.993E+05
2.0923E+03 1.412E+08 8.047E+05
2.0935E+03 1.422E+08 8.100E+05
