2.2310E+03 0.0000E+00 1.0000E+04
2.2315E+03 4.2660E+05 1.5333E+04
2.2321E+03 8.5320E+05 2.0667E+04
2.2326E+03 1.2798E+06 2.6000E+04
2.2331E+03 1.7064E+06 3.1333E+04
2.2336E+03 2.1330E+06 3.6667E+04
2.2342E+03 2.5596E+06 4.2000E+04
2.2347E+03 2.9862E+06 4.7333E+04
2.2352E+03 3.4128E+06 5.2667E+04
2.2357E+03 3.8394E+06 5.8000E+04
2.2363E+03 4.2660E+06 6.3333E+04
2.2368E+03 4.6926E+06 6.8667E+04
2.2373E+03 5.1192E+06 7.4000E+04
2.2379E+03 5.5458E+06 7.9333E+04
2.2384E+03 5.9724E+06 8.4667E+04
2.2389E+03 6.3990E+06 9.0000E+04
2.2394E+03 6.8256E+06 9.5333E+04
2.2400E+03 7.2522E+06 1.0067E+05
2.2405E+03 7.6788E+06 1.0600E+05
2.2410E+03 8.1054E+06 1.1133E+05
2.2415E+03 8.5320E+06 1.1667E+05
2.2421E+03 8.9586E+06 1.2200E+05
2.2426E+03 9.3852E+06 1.2733E+05
2.2431E+03 9.8118E+06 1.3267E+05
2.2436E+03 1.0238E+07 1.3800E+05
2.2442E+03 1.0665E+07 1.4333E+05
2.2447E+03 1.1092E+07 1.4867E+05
2.2452E+03 1.1518E+07 1.5400E+05
2.2458E+03 1.1945E+07 1.5933E+05
2.2463E+03 1.2371E+07 1.6467E+05
2.2468E+03 1.2798E+07 1.7000E+05
2.2473E+03 1.3225E+07 1.7533E+05
2.2479E+03 1.3651E+07 1.8067E+05
2.2484E+03 1.4078E+07 1.8600E+05
2.2489E+03 1.4504E+07 1.9133E+05
2.2494E+03 1.4931E+07 1.9667E+05
2.2500E+03 1.5358E+07 2.0200E+05
2.2505E+03 1.5784E+07 2.0733E+05
2.2510E+03 1.6211E+07 2.1267E+05
2.2515E+03 1.6637E+07 2.1800E+05
2.2521E+03 1.7064E+07 2.2333E+05
2.2526E+03 1.7491E+07 2.2867E+05
2.2531E+03 1.7917E+07 2.3400E+05
2.2536E+03 1.8344E+07 2.3933E+05
2.2542E+03 1.8770E+07 2.4467E+05
2.2547E+03 1.9197E+07 2.5000E+05
2.2552E+03 1.9624E+07 2.5533E+05
2.2558E+03 2.0050E+07 2.6067E+05
2.2563E+03 2.0477E+07 2.6600E+05
2.2568E+03 2.0903E+07 2.7133E+05
2.2573E+03 2.1330E+07 2.7667E+05
2.2579E+03 2.1757E+07 2.8200E+05
2.2584E+03 2.2183E+07 2.8733E+05
2.2589E+03 2.2610E+07 2.9267E+05
2.2594E+03 2.3036E+07 2.9800E+05
2.2600E+03 2.3463E+07 3.0333E+05
2.2605E+03 2.3890E+07 3.0867E+05
2.2610E+03 2.4316E+07 3.1400E+05
2.2615E+03 2.4743E+07 3.1933E+05
2.2621E+03 2.5169E+07 3.2467E+05
2.2626E+03 2.5596E+07 3.3000E+05
2.2631E+03 2.6023E+07 3.3533E+05
2.2637E+03 2.6449E+07 3.4067E+05
2.2642E+03 2.6876E+07 3.4600E+05
2.2647E+03 2.7302E+07 3.5133E+05
2.2652E+03 2.7729E+07 3.5667E+05
2.2658E+03 2.8156E+07 3.6200E+05
2.2663E+03 2.8582E+07 3.6733E+05
2.2668E+03 2.9009E+07 3.7267E+05
2.2673E+03 2.9435E+07 3.7800E+05
2.2679E+03 2.9862E+07 3.8333E+05
2.2684E+03 3.0289E+07 3.8867E+05
2.2689E+03 3.0715E+07 3.9400E+05
2.2694E+03 3.1142E+07 3.9933E+05
2.2700E+03 3.1568E+07 4.0467E+05
2.2705E+03 3.1995E+07 4.1000E+05
2.2710E+03 3.2422E+07 4.1533E+05
2.2716E+03 3.2848E+07 4.2067E+05
2.2721E+03 3.3275E+07 4.2600E+05
2.2726E+03 3.3701E+07 4.3133E+05
2.2731E+03 3.4128E+07 4.3667E+05
2.2737E+03 3.4555E+07 4.4200E+05
2.2742E+03 3.4981E+07 4.4733E+05
2.2747E+03 3.5408E+07 4.5267E+05
2.2752E+03 3.5834E+07 4.5800E+05
2.2758E+03 3.6261E+07 4.6333E+05
2.2763E+03 3.6688E+07 4.6867E+05
2.2768E+03 3.7114E+07 4.7400E+05
2.2773E+03 3.7541E+07 4.7933E+05
2.2779E+03 3.7967E+07 4.8467E+05
2.2784E+03 3.8394E+07 4.9000E+05
2.2789E+03 3.8821E+07 4.9533E+05
2.2795E+03 3.9247E+07 5.0067E+05
2.2800E+03 3.9674E+07 5.0600E+05
2.2805E+03 4.0100E+07 5.1133E+05
2.2810E+03 4.0527E+07 5.1667E+05
2.2816E+03 4.0954E+07 5.2200E+05
2.2821E+03 4.1380E+07 5.2733E+05
2.2826E+03 4.1807E+07 5.3267E+05
2.2831E+03 4.2233E+07 5.3800E+05
2.2837E+03 4.2660E+07 5.4333E+05
2.2842E+03 4.3087E+07 5.4867E+05
2.2847E+03 4.3513E+07 5.5400E+05
2.2852E+03 4.3940E+07 5.5933E+05
2.2858E+03 4.4366E+07 5.6467E+05
2.2863E+03 4.4793E+07 5.7000E+05
2.2868E+03 4.5220E+07 5.7533E+05
2.2874E+03 4.5646E+07 5.8067E+05
2.2879E+03 4.6073E+07 5.8600E+05
2.2884E+03 4.6499E+07 5.9133E+05
2.2889E+03 4.6926E+07 5.9667E+05
2.2895E+03 4.7353E+07 6.0200E+05
2.2900E+03 4.7779E+07 6.0733E+05
2.2905E+03 4.8206E+07 6.1267E+05
2.2910E+03 4.8632E+07 6.1800E+05
2.2916E+03 4.9059E+07 6.2333E+05
2.2921E+03 4.9486E+07 6.2867E+05
2.2926E+03 4.9912E+07 6.3400E+05
2.2931E+03 5.0339E+07 6.3933E+05
2.2937E+03 5.0765E+07 6.4467E+05
2.2942E+03 5.1192E+07 6.5000E+05
2.2947E+03 5.1619E+07 6.5533E+05
2.2953E+03 5.2045E+07 6.6067E+05
2.2958E+03 5.2472E+07 6.6600E+05
2.2963E+03 5.2898E+07 6.7133E+05
2.2968E+03 5.3325E+07 6.7667E+05
2.2974E+03 5.3752E+07 6.8200E+05
2.2979E+03 5.4178E+07 6.8733E+05
2.2984E+03 5.4605E+07 6.9267E+05
2.2989E+03 5.5031E+07 6.9800E+05
2.2995E+03 5.5458E+07 7.0333E+05
2.3000E+03 5.5885E+07 7.0867E+05
2.3005E+03 5.6311E+07 7.1400E+05
2.3010E+03 5.6738E+07 7.1933E+05
2.3016E+03 5.7164E+07 7.2467E+05
2.3021E+03 5.7591E+07 7.3000E+05
2.3026E+03 5.8018E+07 7.3533E+05
2.3032E+03 5.8444E+07 7.4067E+05
2.3037E+03 5.8871E+07 7.4600E+05
2.3042E+03 5.9297E+07 7.5133E+05
2.3047E+03 5.9724E+07 7.5667E+05
2.3053E+03 6.0151E+07 7.6200E+05
2.3058E+03 6.0577E+07 7.6733E+05
2.3063E+03 6.1004E+07 7.7267E+05
2.3068E+03 6.1430E+07 7.7800E+05
2.3074E+03 6.1857E+07 7.8333E+05
2.3079E+03 6.2284E+07 7.8867E+05
2.3084E+03 6.2710E+07 7.9400E+05
2.3089E+03 6.3137E+07 7.9933E+05
2.3095E+03 6.3563E+07 8.0467E+05
2.3100E+03 6.3990E+07 8.1000E+05
