1.82000E+03 0.00000E+00 1.00000E+04
1.82143E+03 7.57560E+06 4.53333E+04
1.82285E+03 1.51512E+07 8.06667E+04
1.82428E+03 2.27268E+07 1.16000E+05
1.82571E+03 3.03024E+07 1.51333E+05
1.82713E+03 3.78780E+07 1.86667E+05
1.82856E+03 4.54536E+07 2.22000E+05
1.82999E+03 5.30292E+07 2.57333E+05
1.83141E+03 6.06048E+07 2.92667E+05
1.83284E+03 6.81804E+07 3.28000E+05
1.83427E+03 7.57560E+07 3.63333E+05
1.83569E+03 8.33316E+07 3.98667E+05
1.83712E+03 9.09072E+07 4.34000E+05
1.83855E+03 9.84828E+07 4.69333E+05
1.83997E+03 1.06058E+08 5.04667E+05
1.84140E+03 1.13634E+08 5.40000E+05
1.84283E+03 1.21210E+08 5.75333E+05
1.84425E+03 1.28785E+08 6.10667E+05
1.84568E+03 1.36361E+08 6.46000E+05
1.84711E+03 1.43936E+08 6.81333E+05
1.84853E+03 1.51512E+08 7.16667E+05
1.84996E+03 1.59088E+08 7.52000E+05
1.85139E+03 1.66663E+08 7.87333E+05
1.85281E+03 1.74239E+08 8.22667E+05
1.85424E+03 1.81814E+08 8.58000E+05
1.85567E+03 1.89390E+08 8.93333E+05
1.85709E+03 1.96966E+08 9.28667E+05
1.85852E+03 2.04541E+08 9.64000E+05
1.85995E+03 2.12117E+08 9.99333E+05
1.86137E+03 2.19692E+08 1.03467E+06
1.86280E+03 2.27268E+08 1.07000E+06
1.86423E+03 2.34844E+08 1.10533E+06
1.86565E+03 2.42419E+08 1.14067E+06
1.86708E+03 2.49995E+08 1.17600E+06
1.86851E+03 2.57570E+08 1.21133E+06
1.86993E+03 2.65146E+08 1.24667E+06
1.87136E+03 2.72722E+08 1.28200E+06
1.87279E+03 2.80297E+08 1.31733E+06
1.87421E+03 2.87873E+08 1.35267E+06
1.87564E+03 2.95448E+08 1.38800E+06
1.87707E+03 3.03024E+08 1.42333E+06
1.87849E+03 3.10600E+08 1.45867E+06
1.87992E+03 3.18175E+08 1.49400E+06
1.88135E+03 3.25751E+08 1.52933E+06
1.88277E+03 3.33326E+08 1.56467E+06
1.88420E+03 3.40902E+08 1.60000E+06
1.88563E+03 3.48478E+08 1.63533E+06
1.88705E+03 3.56053E+08 1.67067E+06
1.88848E+03 3.63629E+08 1.70600E+06
1.88991E+03 3.71204E+08 1.74133E+06
1.89133E+03 3.78780E+08 1.77667E+06
1.89276E+03 3.86356E+08 1.81200E+06
1.89419E+03 3.93931E+08 1.84733E+06
1.89561E+03 4.01507E+08 1.88267E+06
1.89704E+03 4.09082E+08 1.91800E+06
1.89846E+03 4.16658E+08 1.95333E+06
1.89989E+03 4.24234E+08 1.98867E+06
1.90132E+03 4.31809E+08 2.02400E+06
1.90274E+03 4.39385E+08 2.05933E+06
1.90417E+03 4.46960E+08 2.09467E+06
1.90560E+03 4.54536E+08 2.13000E+06
1.90702E+03 4.62112E+08 2.16533E+06
1.90845E+03 4.69687E+08 2.20067E+06
1.90988E+03 4.77263E+08 2.23600E+06
1.91130E+03 4.84838E+08 2.27133E+06
1.91273E+03 4.92414E+08 2.30667E+06
1.91416E+03 4.99990E+08 2.34200E+06
1.91558E+03 5.07565E+08 2.37733E+06
1.91701E+03 5.15141E+08 2.41267E+06
1.91844E+03 5.22716E+08 2.44800E+06
1.91986E+03 5.30292E+08 2.48333E+06
1.92129E+03 5.37868E+08 2.51867E+06
1.92272E+03 5.45443E+08 2.55400E+06
1.92414E+03 5.53019E+08 2.58933E+06
1.92557E+03 5.60594E+08 2.62467E+06
1.92700E+03 5.68170E+08 2.66000E+06
1.92842E+03 5.75746E+08 2.69533E+06
1.92985E+03 5.83321E+08 2.73067E+06
1.93128E+03 5.90897E+08 2.76600E+06
1.93270E+03 5.98472E+08 2.80133E+06
1.93413E+03 6.06048E+08 2.83667E+06
1.93556E+03 6.13624E+08 2.87200E+06
1.93698E+03 6.21199E+08 2.90733E+06
1.93841E+03 6.28775E+08 2.94267E+06
1.93984E+03 6.36350E+08 2.97800E+06
1.94126E+03 6.43926E+08 3.01333E+06
1.94269E+03 6.51502E+08 3.04867E+06
1.94412E+03 6.59077E+08 3.08400E+06
1.94554E+03 6.66653E+08 3.11933E+06
1.94697E+03 6.74228E+08 3.15467E+06
1.94840E+03 6.81804E+08 3.19000E+06
1.94982E+03 6.89380E+08 3.22533E+06
1.95125E+03 6.96955E+08 3.26067E+06
1.95268E+03 7.04531E+08 3.29600E+06
1.95410E+03 7.12106E+08 3.33133E+06
1.95553E+03 7.19682E+08 3.36667E+06
1.95696E+03 7.27258E+08 3.40200E+06
1.95838E+03 7.34833E+08 3.43733E+06
1.95981E+03 7.42409E+08 3.47267E+06
1.96124E+03 7.49984E+08 3.50800E+06
1.96266E+03 7.57560E+08 3.54333E+06
1.96409E+03 7.65136E+08 3.57867E+06
1.96552E+03 7.72711E+08 3.61400E+06
1.96694E+03 7.80287E+08 3.64933E+06
1.96837E+03 7.87862E+08 3.68467E+06
1.96980E+03 7.95438E+08 3.72000E+06
1.97122E+03 8.03014E+08 3.75533E+06
1.97265E+03 8.10589E+08 3.79067E+06
1.97408E+03 8.18165E+08 3.82600E+06
1.97550E+03 8.25740E+08 3.86133E+06
1.97693E+03 8.33316E+08 3.89667E+06
1.97836E+03 8.40892E+08 3.93200E+06
1.97978E+03 8.48467E+08 3.96733E+06
1.98121E+03 8.56043E+08 4.00267E+06
1.98264E+03 8.63618E+08 4.03800E+06
1.98406E+03 8.71194E+08 4.07333E+06
1.98549E+03 8.78770E+08 4.10867E+06
1.98692E+03 8.86345E+08 4.14400E+06
1.98834E+03 8.93921E+08 4.17933E+06
1.98977E+03 9.01496E+08 4.21467E+06
1.99120E+03 9.09072E+08 4.25000E+06
1.99262E+03 9.16648E+08 4.28533E+06
1.99405E+03 9.24223E+08 4.32067E+06
1.99548E+03 9.31799E+08 4.35600E+06
1.99690E+03 9.39374E+08 4.39133E+06
1.99833E+03 9.46950E+08 4.42667E+06
1.99976E+03 9.54526E+08 4.46200E+06
2.00118E+03 9.62101E+08 4.49733E+06
2.00261E+03 9.69677E+08 4.53267E+06
2.00404E+03 9.77252E+08 4.56800E+06
2.00546E+03 9.84828E+08 4.60333E+06
2.00689E+03 9.92404E+08 4.63867E+06
2.00832E+03 9.99979E+08 4.67400E+06
2.00974E+03 1.00755E+09 4.70933E+06
2.01117E+03 1.01513E+09 4.74467E+06
2.01260E+03 1.02271E+09 4.78000E+06
2.01402E+03 1.03028E+09 4.81533E+06
2.01545E+03 1.03786E+09 4.85067E+06
2.01688E+03 1.04543E+09 4.88600E+06
2.01830E+03 1.05301E+09 4.92133E+06
2.01973E+03 1.06058E+09 4.95667E+06
2.02116E+03 1.06816E+09 4.99200E+06
2.02258E+03 1.07574E+09 5.02733E+06
2.02401E+03 1.08331E+09 5.06267E+06
2.02544E+03 1.09089E+09 5.09800E+06
2.02686E+03 1.09846E+09 5.13333E+06
2.02829E+03 1.10604E+09 5.16867E+06
2.02972E+03 1.11361E+09 5.20400E+06
2.03114E+03 1.12119E+09 5.23933E+06
2.03257E+03 1.12876E+09 5.27467E+06
2.03400E+03 1.13634E+09 5.31000E+06
