2.5260E+03 0.0000E+00 1.0000E+04
2.5263E+03 4.8000E+04 1.1133E+04
2.5265E+03 9.6000E+04 1.2267E+04
2.5268E+03 1.4400E+05 1.3400E+04
2.5271E+03 1.9200E+05 1.4533E+04
2.5273E+03 2.4000E+05 1.5667E+04
2.5276E+03 2.8800E+05 1.6800E+04
2.5279E+03 3.3600E+05 1.7933E+04
2.5281E+03 3.8400E+05 1.9067E+04
2.5284E+03 4.3200E+05 2.0200E+04
2.5287E+03 4.8000E+05 2.1333E+04
2.5289E+03 5.2800E+05 2.2467E+04
2.5292E+03 5.7600E+05 2.3600E+04
2.5295E+03 6.2400E+05 2.4733E+04
2.5297E+03 6.7200E+05 2.5867E+04
2.5300E+03 7.2000E+05 2.7000E+04
2.5303E+03 7.6800E+05 2.8133E+04
2.5305E+03 8.1600E+05 2.9267E+04
2.5308E+03 8.6400E+05 3.0400E+04
2.5311E+03 9.1200E+05 3.1533E+04
2.5313E+03 9.6000E+05 3.2667E+04
2.5316E+03 1.0080E+06 3.3800E+04
2.5319E+03 1.0560E+06 3.4933E+04
2.5321E+03 1.1040E+06 3.6067E+04
2.5324E+03 1.1520E+06 3.7200E+04
2.5327E+03 1.2000E+06 3.8333E+04
2.5329E+03 1.2480E+06 3.9467E+04
2.5332E+03 1.2960E+06 4.0600E+04
2.5335E+03 1.3440E+06 4.1733E+04
2.5337E+03 1.3920E+06 4.2867E+04
2.5340E+03 1.4400E+06 4.4000E+04
2.5343E+03 1.4880E+06 4.5133E+04
2.5345E+03 1.5360E+06 4.6267E+04
2.5348E+03 1.5840E+06 4.7400E+04
2.5351E+03 1.6320E+06 4.8533E+04
2.5353E+03 1.6800E+06 4.9667E+04
2.5356E+03 1.7280E+06 5.0800E+04
2.5359E+03 1.7760E+06 5.1933E+04
2.5361E+03 1.8240E+06 5.3067E+04
2.5364E+03 1.8720E+06 5.4200E+04
2.5367E+03 1.9200E+06 5.5333E+04
2.5369E+03 1.9680E+06 5.6467E+04
2.5372E+03 2.0160E+06 5.7600E+04
2.5375E+03 2.0640E+06 5.8733E+04
2.5377E+03 2.1120E+06 5.9867E+04
2.5380E+03 2.1600E+06 6.1000E+04
2.5383E+03 2.2080E+06 6.2133E+04
2.5385E+03 2.2560E+06 6.3267E+04
2.5388E+03 2.3040E+06 6.4400E+04
2.5391E+03 2.3520E+06 6.5533E+04
2.5393E+03 2.4000E+06 6.6667E+04
2.5396E+03 2.4480E+06 6.7800E+04
2.5399E+03 2.4960E+06 6.8933E+04
2.5401E+03 2.5440E+06 7.0067E+04
2.5404E+03 2.5920E+06 7.1200E+04
2.5407E+03 2.6400E+06 7.2333E+04
2.5409E+03 2.6880E+06 7.3467E+04
2.5412E+03 2.7360E+06 7.4600E+04
2.5415E+03 2.7840E+06 7.5733E+04
2.5417E+03 2.8320E+06 7.6867E+04
2.5420E+03 2.8800E+06 7.8000E+04
2.5423E+03 2.9280E+06 7.9133E+04
2.5425E+03 2.9760E+06 8.0267E+04
2.5428E+03 3.0240E+06 8.1400E+04
2.5431E+03 3.0720E+06 8.2533E+04
2.5433E+03 3.1200E+06 8.3667E+04
2.5436E+03 3.1680E+06 8.4800E+04
2.5439E+03 3.2160E+06 8.5933E+04
2.5441E+03 3.2640E+06 8.7067E+04
2.5444E+03 3.3120E+06 8.8200E+04
2.5447E+03 3.3600E+06 8.9333E+04
2.5449E+03 3.4080E+06 9.0467E+04
2.5452E+03 3.4560E+06 9.1600E+04
2.5455E+03 3.5040E+06 9.2733E+04
2.5457E+03 3.5520E+06 9.3867E+04
2.5460E+03 3.6000E+06 9.5000E+04
2.5463E+03 3.6480E+06 9.6133E+04
2.5465E+03 3.6960E+06 9.7267E+04
2.5468E+03 3.7440E+06 9.8400E+04
2.5471E+03 3.7920E+06 9.9533E+04
2.5473E+03 3.8400E+06 1.0067E+05
2.5476E+03 3.8880E+06 1.0180E+05
2.5479E+03 3.9360E+06 1.0293E+05
2.5481E+03 3.9840E+06 1.0407E+05
2.5484E+03 4.0320E+06 1.0520E+05
2.5487E+03 4.0800E+06 1.0633E+05
2.5489E+03 4.1280E+06 1.0747E+05
2.5492E+03 4.1760E+06 1.0860E+05
2.5495E+03 4.2240E+06 1.0973E+05
2.5497E+03 4.2720E+06 1.1087E+05
2.5500E+03 4.3200E+06 1.1200E+05
2.5503E+03 4.3680E+06 1.1313E+05
2.5505E+03 4.4160E+06 1.1427E+05
2.5508E+03 4.4640E+06 1.1540E+05
2.5511E+03 4.5120E+06 1.1653E+05
2.5513E+03 4.5600E+06 1.1767E+05
2.5516E+03 4.6080E+06 1.1880E+05
2.5519E+03 4.6560E+06 1.1993E+05
2.5521E+03 4.7040E+06 1.2107E+05
2.5524E+03 4.7520E+06 1.2220E+05
2.5527E+03 4.8000E+06 1.2333E+05
2.5529E+03 4.8480E+06 1.2447E+05
2.5532E+03 4.8960E+06 1.2560E+05
2.5535E+03 4.9440E+06 1.2673E+05
2.5537E+03 4.9920E+06 1.2787E+05
2.5540E+03 5.0400E+06 1.2900E+05
2.5543E+03 5.0880E+06 1.3013E+05
2.5545E+03 5.1360E+06 1.3127E+05
2.5548E+03 5.1840E+06 1.3240E+05
2.5551E+03 5.2320E+06 1.3353E+05
2.5553E+03 5.2800E+06 1.3467E+05
2.5556E+03 5.3280E+06 1.3580E+05
2.5559E+03 5.3760E+06 1.3693E+05
2.5561E+03 5.4240E+06 1.3807E+05
2.5564E+03 5.4720E+06 1.3920E+05
2.5567E+03 5.5200E+06 1.4033E+05
2.5569E+03 5.5680E+06 1.4147E+05
2.5572E+03 5.6160E+06 1.4260E+05
2.5575E+03 5.6640E+06 1.4373E+05
2.5577E+03 5.7120E+06 1.4487E+05
2.5580E+03 5.7600E+06 1.4600E+05
2.5583E+03 5.8080E+06 1.4713E+05
2.5585E+03 5.8560E+06 1.4827E+05
2.5588E+03 5.9040E+06 1.4940E+05
2.5591E+03 5.9520E+06 1.5053E+05
2.5593E+03 6.0000E+06 1.5167E+05
2.5596E+03 6.0480E+06 1.5280E+05
2.5599E+03 6.0960E+06 1.5393E+05
2.5601E+03 6.1440E+06 1.5507E+05
2.5604E+03 6.1920E+06 1.5620E+05
2.5607E+03 6.2400E+06 1.5733E+05
2.5609E+03 6.2880E+06 1.5847E+05
2.5612E+03 6.3360E+06 1.5960E+05
2.5615E+03 6.3840E+06 1.6073E+05
2.5617E+03 6.4320E+06 1.6187E+05
2.5620E+03 6.4800E+06 1.6300E+05
2.5623E+03 6.5280E+06 1.6413E+05
2.5625E+03 6.5760E+06 1.6527E+05
2.5628E+03 6.6240E+06 1.6640E+05
2.5631E+03 6.6720E+06 1.6753E+05
2.5633E+03 6.7200E+06 1.6867E+05
2.5636E+03 6.7680E+06 1.6980E+05
2.5639E+03 6.8160E+06 1.7093E+05
2.5641E+03 6.8640E+06 1.7207E+05
2.5644E+03 6.9120E+06 1.7320E+05
2.5647E+03 6.9600E+06 1.7433E+05
2.5649E+03 7.0080E+06 1.7547E+05
2.5652E+03 7.0560E+06 1.7660E+05
2.5655E+03 7.1040E+06 1.7773E+05
2.5657E+03 7.1520E+06 1.7887E+05
2.5660E+03 7.2000E+06 1.8000E+05
