2362.0 0.0 10000.0
2362.3 24000.0 30000.0
2362.5 48000.0 50000.0
2362.8 72000.0 70000.0
2363.1 96000.0 90000.0
2363.3 120000.0 101749.3
2363.6 144000.0 168634.8
2363.9 168000.0 233332.9
2364.1 240000.0 293609.6
2364.4 312000.0 354145.3
2364.7 384000.0 412626.2
2364.9 456000.0 467040.1
2365.2 552000.0 521615.2
2365.5 648000.0 574264.3
2365.7 744000.0 623182.9
2366.0 840000.0 672174.8
2366.3 984000.0 719365.8
2366.5 1128000.0 763144.9
2366.8 1272000.0 806919.8
2367.1 1512000.0 849014.4
2367.3 1752000.0 887999.2
2367.6 1992000.0 926911.2
2367.9 2232000.0 964259.9
2368.1 2496000.0 998783.9
2368.4 2760000.0 1033175.5
2368.7 3024000.0 1066116.9
2368.9 3288000.0 1096502.3
2369.2 3648000.0 1126704.6
2369.5 4008000.0 1154520.1
2369.7 4368000.0 1182123.4
2370.0 4728000.0 1208455.5
2370.3 5112000.0 1232643.6
2370.5 5496000.0 1256581.8
2370.8 5880000.0 1279351.1
2371.1 6264000.0 1300203.9
2371.3 6648000.0 1320776.7
2371.6 7032000.0 1340279.2
2371.9 7416000.0 1358078.1
2372.1 7800000.0 1375573.5
2372.4 8184000.0 1392093.2
2372.7 8568000.0 1407107.9
2372.9 8952000.0 1421802.4
2373.2 9360000.0 1435611.9
2373.5 9768000.0 1448101.1
2373.7 10176000.0 1460259.4
2374.0 10584000.0 1471619.4
2374.3 10992000.0 1481830.7
2374.5 11400000.0 1491705.6
2374.8 11808000.0 1500865.2
2375.1 12216000.0 1509034.5
2375.3 12624000.0 1516867.7
2375.6 13032000.0 1524064.3
2375.9 13440000.0 1530416.4
2376.1 13848000.0 1540416.4
2376.4 14256000.0 1550416.4
2376.7 14664000.0 1560416.4
2376.9 15072000.0 1570416.4
2377.2 15480000.0 1580416.4
2377.5 15888000.0 1590416.4
2377.7 16296000.0 1600416.4
2378.0 16704000.0 1610416.4
2378.3 17112000.0 1620416.4
2378.5 17520000.0 1630416.4
2378.8 17928000.0 1640416.4
2379.1 18336000.0 1650416.4
2379.3 18744000.0 1660416.4
2379.6 19152000.0 1670416.4
2379.9 19560000.0 1680416.4
2380.1 19968000.0 1690416.4
2380.4 20376000.0 1700416.4
2380.7 20784000.0 1710416.4
2380.9 21192000.0 1720416.4
2381.2 21600000.0 1730416.4
2381.5 22008000.0 1740416.4
2381.7 22416000.0 1750416.4
2382.0 22824000.0 1760416.4
2382.3 23232000.0 1770416.4
2382.5 23640000.0 1780416.4
2382.8 24048000.0 1790416.4
2383.1 24456000.0 1800416.4
2383.3 24864000.0 1810416.4
2383.6 25272000.0 1820416.4
2383.9 25680000.0 1830416.4
2384.1 26088000.0 1840416.4
2384.4 26496000.0 1850416.4
2384.7 26904000.0 1860416.4
2384.9 27312000.0 1870416.4
2385.2 27720000.0 1880416.4
2385.5 28128000.0 1890416.4
2385.7 28536000.0 1900416.4
2386.0 28944000.0 1910416.4
2386.3 29352000.0 1920416.4
2386.5 29760000.0 1930416.4
2386.8 30168000.0 1940416.4
2387.1 30576000.0 1950416.4
2387.3 30984000.0 1960416.4
2387.6 31392000.0 1970416.4
2387.9 31800000.0 1980416.4
2388.1 32208000.0 1990416.4
2388.4 32616000.0 2000416.4
2388.7 33024000.0 2010416.4
2388.9 33432000.0 2020416.4
2389.2 33840000.0 2030416.4
2389.5 34248000.0 2040416.4
2389.7 34656000.0 2050416.4
2390.0 35064000.0 2060416.4
2390.3 35472000.0 2070416.4
2390.5 35880000.0 2080416.4
2390.8 36288000.0 2090416.4
2391.1 36696000.0 2100416.4
2391.3 37104000.0 2110416.4
2391.6 37512000.0 2120416.4
2391.9 37920000.0 2130416.4
2392.1 38328000.0 2140416.4
2392.4 38736000.0 2150416.4
2392.7 39144000.0 2160416.4
2392.9 39552000.0 2170416.4
2393.2 39960000.0 2180416.4
2393.5 40368000.0 2190416.4
2393.7 40776000.0 2200416.4
2394.0 41184000.0 2210416.4
2394.3 41592000.0 2220416.4
2394.5 42000000.0 2230416.4
2394.8 42408000.0 2240416.4
2395.1 42816000.0 2250416.4
2395.3 43224000.0 2260416.4
2395.6 43632000.0 2270416.4
2395.9 44040000.0 2280416.4
2396.1 44448000.0 2290416.4
2396.4 44856000.0 2300416.4
2396.7 45264000.0 2310416.4
2396.9 45672000.0 2320416.4
2397.2 46080000.0 2330416.4
2397.5 46488000.0 2340416.4
2397.7 46896000.0 2350416.4
2398.0 47304000.0 2360416.4
2398.3 47712000.0 2370416.4
2398.5 48120000.0 2380416.4
2398.8 48528000.0 2390416.4
2399.1 48936000.0 2400416.4
2399.3 49344000.0 2410416.4
2399.6 49752000.0 2420416.4
2399.9 50160000.0 2430416.4
2400.1 50568000.0 2440416.4
2400.4 50976000.0 2450416.4
2400.7 51384000.0 2460416.4
2400.9 51792000.0 2470416.4
2401.2 52200000.0 2480416.4
2401.5 52608000.0 2490416.4
2401.7 53016000.0 2500416.4
2402.0 53424000.0 2510416.4
