2.1190E+03 0.0000E+00 5.0000E+04
2.1193E+03 9.6000E+04 5.2067E+04
2.1195E+03 1.9200E+05 5.4133E+04
2.1198E+03 2.8800E+05 5.6200E+04
2.1201E+03 3.8400E+05 5.8267E+04
2.1203E+03 4.8000E+05 6.0333E+04
2.1206E+03 5.7600E+05 6.2400E+04
2.1209E+03 6.7200E+05 6.4467E+04
2.1211E+03 7.6800E+05 6.6533E+04
2.1214E+03 8.6400E+05 6.8600E+04
2.1217E+03 9.6000E+05 7.0667E+04
2.1219E+03 1.0560E+06 7.2733E+04
2.1222E+03 1.1520E+06 7.4800E+04
2.1225E+03 1.2480E+06 7.6867E+04
2.1227E+03 1.3440E+06 7.8933E+04
2.1230E+03 1.4400E+06 8.1000E+04
2.1233E+03 1.5360E+06 8.3067E+04
2.1235E+03 1.6320E+06 8.5133E+04
2.1238E+03 1.7280E+06 8.7200E+04
2.1241E+03 1.8240E+06 8.9267E+04
2.1243E+03 1.9200E+06 9.1333E+04
2.1246E+03 2.0160E+06 9.3400E+04
2.1249E+03 2.1120E+06 9.5467E+04
2.1251E+03 2.2080E+06 9.7533E+04
2.1254E+03 2.3040E+06 9.9600E+04
2.1257E+03 2.4000E+06 1.0167E+05
2.1259E+03 2.4960E+06 1.0373E+05
2.1262E+03 2.5920E+06 1.0580E+05
2.1265E+03 2.6880E+06 1.0787E+05
2.1267E+03 2.7840E+06 1.0993E+05
2.1270E+03 2.8800E+06 1.1200E+05
2.1273E+03 2.9760E+06 1.1407E+05
2.1275E+03 3.0720E+06 1.1613E+05
2.1278E+03 3.1680E+06 1.1820E+05
2.1281E+03 3.2640E+06 1.2027E+05
2.1283E+03 3.3600E+06 1.2233E+05
2.1286E+03 3.4560E+06 1.2440E+05
2.1289E+03 3.5520E+06 1.2647E+05
2.1291E+03 3.6480E+06 1.2853E+05
2.1294E+03 3.7440E+06 1.3060E+05
2.1297E+03 3.8400E+06 1.3267E+05
2.1299E+03 3.9360E+06 1.3473E+05
2.1302E+03 4.0320E+06 1.3680E+05
2.1305E+03 4.1280E+06 1.3887E+05
2.1307E+03 4.2240E+06 1.4093E+05
2.1310E+03 4.3200E+06 1.4300E+05
2.1313E+03 4.4160E+06 1.4507E+05
2.1315E+03 4.5120E+06 1.4713E+05
2.1318E+03 4.6080E+06 1.4920E+05
2.1321E+03 4.7040E+06 1.5127E+05
2.1323E+03 4.8000E+06 1.5333E+05
2.1326E+03 4.8960E+06 1.5540E+05
2.1329E+03 4.9920E+06 1.5747E+05
2.1331E+03 5.0880E+06 1.5953E+05
2.1334E+03 5.1840E+06 1.6160E+05
2.1337E+03 5.2800E+06 1.6367E+05
2.1339E+03 5.3760E+06 1.6573E+05
2.1342E+03 5.4720E+06 1.6780E+05
2.1345E+03 5.5680E+06 1.6987E+05
2.1347E+03 5.6640E+06 1.7193E+05
2.1350E+03 5.7600E+06 1.7400E+05
2.1353E+03 5.8560E+06 1.7607E+05
2.1355E+03 5.9520E+06 1.7813E+05
2.1358E+03 6.0480E+06 1.8020E+05
2.1361E+03 6.1440E+06 1.8227E+05
2.1363E+03 6.2400E+06 1.8433E+05
2.1366E+03 6.3360E+06 1.8640E+05
2.1369E+03 6.4320E+06 1.8847E+05
2.1371E+03 6.5280E+06 1.9053E+05
2.1374E+03 6.6240E+06 1.9260E+05
2.1377E+03 6.7200E+06 1.9467E+05
2.1379E+03 6.8160E+06 1.9673E+05
2.1382E+03 6.9120E+06 1.9880E+05
2.1385E+03 7.0080E+06 2.0087E+05
2.1387E+03 7.1040E+06 2.0293E+05
2.1390E+03 7.2000E+06 2.0500E+05
2.1393E+03 7.2960E+06 2.0707E+05
2.1395E+03 7.3920E+06 2.0913E+05
2.1398E+03 7.4880E+06 2.1120E+05
2.1401E+03 7.5840E+06 2.1327E+05
2.1403E+03 7.6800E+06 2.1533E+05
2.1406E+03 7.7760E+06 2.1740E+05
2.1409E+03 7.8720E+06 2.1947E+05
2.1411E+03 7.9680E+06 2.2153E+05
2.1414E+03 8.0640E+06 2.2360E+05
2.1417E+03 8.1600E+06 2.2567E+05
2.1419E+03 8.2560E+06 2.2773E+05
2.1422E+03 8.3520E+06 2.2980E+05
2.1425E+03 8.4480E+06 2.3187E+05
2.1427E+03 8.5440E+06 2.3393E+05
2.1430E+03 8.6400E+06 2.3600E+05
2.1433E+03 8.7360E+06 2.3807E+05
2.1435E+03 8.8320E+06 2.4013E+05
2.1438E+03 8.9280E+06 2.4220E+05
2.1441E+03 9.0240E+06 2.4427E+05
2.1443E+03 9.1200E+06 2.4633E+05
2.1446E+03 9.2160E+06 2.4840E+05
2.1449E+03 9.3120E+06 2.5047E+05
2.1451E+03 9.4080E+06 2.5253E+05
2.1454E+03 9.5040E+06 2.5460E+05
2.1457E+03 9.6000E+06 2.5667E+05
2.1459E+03 9.6960E+06 2.5873E+05
2.1462E+03 9.7920E+06 2.6080E+05
2.1465E+03 9.8880E+06 2.6287E+05
2.1467E+03 9.9840E+06 2.6493E+05
2.1470E+03 1.0080E+07 2.6700E+05
2.1473E+03 1.0176E+07 2.6907E+05
2.1475E+03 1.0272E+07 2.7113E+05
2.1478E+03 1.0368E+07 2.7320E+05
2.1481E+03 1.0464E+07 2.7527E+05
2.1483E+03 1.0560E+07 2.7733E+05
2.1486E+03 1.0656E+07 2.7940E+05
2.1489E+03 1.0752E+07 2.8147E+05
2.1491E+03 1.0848E+07 2.8353E+05
2.1494E+03 1.0944E+07 2.8560E+05
2.1497E+03 1.1040E+07 2.8767E+05
2.1499E+03 1.1136E+07 2.8973E+05
2.1502E+03 1.1232E+07 2.9180E+05
2.1505E+03 1.1328E+07 2.9387E+05
2.1507E+03 1.1424E+07 2.9593E+05
2.1510E+03 1.1520E+07 2.9800E+05
2.1513E+03 1.1616E+07 3.0007E+05
2.1515E+03 1.1712E+07 3.0213E+05
2.1518E+03 1.1808E+07 3.0420E+05
2.1521E+03 1.1904E+07 3.0627E+05
2.1523E+03 1.2000E+07 3.0833E+05
2.1526E+03 1.2096E+07 3.1040E+05
2.1529E+03 1.2192E+07 3.1247E+05
2.1531E+03 1.2288E+07 3.1453E+05
2.1534E+03 1.2384E+07 3.1660E+05
2.1537E+03 1.2480E+07 3.1867E+05
2.1539E+03 1.2576E+07 3.2073E+05
2.1542E+03 1.2672E+07 3.2280E+05
2.1545E+03 1.2768E+07 3.2487E+05
2.1547E+03 1.2864E+07 3.2693E+05
2.1550E+03 1.2960E+07 3.2900E+05
2.1553E+03 1.3056E+07 3.3107E+05
2.1555E+03 1.3152E+07 3.3313E+05
2.1558E+03 1.3248E+07 3.3520E+05
2.1561E+03 1.3344E+07 3.3727E+05
2.1563E+03 1.3440E+07 3.3933E+05
2.1566E+03 1.3536E+07 3.4140E+05
2.1569E+03 1.3632E+07 3.4347E+05
2.1571E+03 1.3728E+07 3.4553E+05
2.1574E+03 1.3824E+07 3.4760E+05
2.1577E+03 1.3920E+07 3.4967E+05
2.1579E+03 1.4016E+07 3.5173E+05
2.1582E+03 1.4112E+07 3.5380E+05
2.1585E+03 1.4208E+07 3.5587E+05
2.1587E+03 1.4304E+07 3.5793E+05
2.1590E+03 1.4400E+07 3.6000E+05