   1.40053E+03   0.00000E+00   9.00000E+04
   1.40399E+03   3.27266E+07   9.45000E+06
   1.40746E+03   9.75565E+07   1.87200E+07
   1.41092E+03   1.86386E+08   2.56500E+07
   1.41438E+03   3.03267E+08   3.37500E+07
   1.41785E+03   4.62536E+08   4.59900E+07
   1.42131E+03   7.05960E+08   7.02900E+07
   1.42477E+03   1.00362E+09   8.59500E+07
   1.42824E+03   1.34615E+09   9.89100E+07
   1.43170E+03   1.73326E+09   1.11780E+08
   1.43516E+03   2.17523E+09   1.27620E+08
   1.43862E+03   2.67267E+09   1.43640E+08
   1.44209E+03   3.21625E+09   1.56960E+08
   1.44555E+03   3.79629E+09   1.67490E+08
   1.44901E+03   4.40407E+09   1.75500E+08
   1.45248E+03   5.03803E+09   1.83060E+08
   1.45594E+03   5.69256E+09   1.89000E+08
   1.45940E+03   6.36455E+09   1.94040E+08
   1.46287E+03   7.05804E+09   2.00250E+08
   1.46633E+03   7.77023E+09   2.05650E+08
   1.46979E+03   8.49614E+09   2.09610E+08
   1.47326E+03   9.23763E+09   2.14110E+08
   1.47672E+03   9.99003E+09   2.17260E+08
   1.48018E+03   1.07555E+10   2.21040E+08
   1.48365E+03   1.15329E+10   2.24460E+08
   1.48711E+03   1.23205E+10   2.27430E+08
   1.49057E+03   1.31209E+10   2.31120E+08
   1.49403E+03   1.39328E+10   2.34450E+08
   1.49750E+03   1.47541E+10   2.37150E+08
   1.50096E+03   1.55872E+10   2.40570E+08
   1.50442E+03   1.64291E+10   2.43090E+08
   1.50789E+03   1.72803E+10   2.45790E+08
   1.51135E+03   1.81405E+10   2.48400E+08
   1.51481E+03   1.90107E+10   2.51280E+08
   1.51828E+03   1.98872E+10   2.53080E+08
   1.52174E+03   2.07739E+10   2.56050E+08
   1.52520E+03   2.16688E+10   2.58390E+08
   1.52867E+03   2.25733E+10   2.61180E+08
   1.53213E+03   2.34831E+10   2.62710E+08
   1.53559E+03   2.43997E+10   2.64690E+08
   1.53906E+03   2.53214E+10   2.66130E+08
   1.54252E+03   2.62486E+10   2.67750E+08
   1.54598E+03   2.71846E+10   2.70270E+08
   1.54944E+03   2.81277E+10   2.72340E+08
   1.55291E+03   2.90768E+10   2.74050E+08
   1.55637E+03   3.00315E+10   2.75670E+08
   1.55983E+03   3.09918E+10   2.77290E+08
   1.56330E+03   3.19602E+10   2.79630E+08
   1.56676E+03   3.29339E+10   2.81160E+08
   1.57022E+03   3.39157E+10   2.83500E+08
   1.57369E+03   3.49037E+10   2.85300E+08
   1.57715E+03   3.58970E+10   2.86830E+08
   1.58061E+03   3.68944E+10   2.88000E+08
   1.58408E+03   3.78980E+10   2.89800E+08
   1.58754E+03   3.89094E+10   2.92050E+08
   1.59100E+03   3.99286E+10   2.94300E+08
   1.59447E+03   4.09541E+10   2.96100E+08
   1.59793E+03   4.19873E+10   2.98350E+08
   1.60139E+03   4.30274E+10   3.00330E+08
   1.60485E+03   4.40746E+10   3.02400E+08
   1.60832E+03   4.51303E+10   3.04830E+08
   1.61178E+03   4.61922E+10   3.06630E+08
   1.61524E+03   4.72628E+10   3.09150E+08
   1.61871E+03   4.83391E+10   3.10770E+08
   1.62217E+03   4.94231E+10   3.13020E+08
   1.62563E+03   5.05127E+10   3.14640E+08
   1.62910E+03   5.16089E+10   3.16530E+08
   1.63256E+03   5.27120E+10   3.18510E+08
   1.63602E+03   5.38237E+10   3.21030E+08
   1.63949E+03   5.49439E+10   3.23460E+08
   1.64295E+03   5.60694E+10   3.24990E+08
   1.64641E+03   5.72011E+10   3.26790E+08
   1.64988E+03   5.83384E+10   3.28410E+08
   1.65334E+03   5.94826E+10   3.30390E+08
   1.65680E+03   6.06337E+10   3.32370E+08
   1.66027E+03   6.17910E+10   3.34170E+08
   1.66373E+03   6.29557E+10   3.36330E+08
   1.66719E+03   6.41254E+10   3.37770E+08
   1.67065E+03   6.53024E+10   3.39840E+08
   1.67412E+03   6.64833E+10   3.41010E+08
   1.67758E+03   6.76711E+10   3.42990E+08
   1.68104E+03   6.88661E+10   3.45060E+08
   1.68451E+03   7.00661E+10   3.46500E+08
   1.68797E+03   7.12720E+10   3.48210E+08
   1.69143E+03   7.24838E+10   3.49920E+08
   1.69490E+03   7.37022E+10   3.51810E+08
   1.69836E+03   7.49259E+10   3.53340E+08
   1.70182E+03   7.61548E+10   3.54870E+08
   1.70529E+03   7.73900E+10   3.56670E+08
   1.70875E+03   7.86296E+10   3.57930E+08
   1.71221E+03   7.98763E+10   3.60000E+08
   1.71568E+03   8.11265E+10   3.60990E+08
   1.71914E+03   8.23800E+10   3.61980E+08
   1.72260E+03   8.36383E+10   3.63330E+08
   1.72606E+03   8.49034E+10   3.65310E+08
   1.72953E+03   8.61729E+10   3.66570E+08
   1.73299E+03   8.74495E+10   3.68640E+08
   1.73645E+03   8.87293E+10   3.69540E+08
   1.73992E+03   9.00153E+10   3.71340E+08
   1.74338E+03   9.13054E+10   3.72510E+08
   1.74684E+03   9.26013E+10   3.74220E+08
   1.75031E+03   9.39014E+10   3.75390E+08
   1.75377E+03   9.52048E+10   3.76380E+08
   1.75723E+03   9.65154E+10   3.78450E+08
   1.76070E+03   9.78320E+10   3.80160E+08
   1.76416E+03   9.91526E+10   3.81330E+08
   1.76762E+03   1.00480E+11   3.83220E+08
   1.77109E+03   1.01814E+11   3.85380E+08
   1.77455E+03   1.03154E+11   3.86730E+08
   1.77801E+03   1.04497E+11   3.87810E+08
   1.78147E+03   1.05844E+11   3.89070E+08
   1.78494E+03   1.07198E+11   3.90870E+08
   1.78840E+03   1.08555E+11   3.91950E+08
   1.79186E+03   1.09917E+11   3.93120E+08
   1.79533E+03   1.11286E+11   3.95550E+08
   1.79879E+03   1.12661E+11   3.97080E+08
   1.80225E+03   1.14043E+11   3.98970E+08
   1.80572E+03   1.15430E+11   4.00500E+08
   1.80918E+03   1.16821E+11   4.01490E+08
   1.81264E+03   1.18213E+11   4.02210E+08
   1.81611E+03   1.19613E+11   4.04010E+08
   1.81957E+03   1.21016E+11   4.05180E+08
   1.82303E+03   1.22426E+11   4.07070E+08
   1.82650E+03   1.23841E+11   4.08690E+08
   1.82996E+03   1.25261E+11   4.10040E+08
   1.83342E+03   1.26686E+11   4.11390E+08
   1.83689E+03   1.28115E+11   4.12650E+08
   1.84035E+03   1.29551E+11   4.14630E+08
   1.84381E+03   1.30992E+11   4.16250E+08
   1.84727E+03   1.32442E+11   4.18590E+08
   1.85074E+03   1.33899E+11   4.20660E+08
   1.85420E+03   1.35360E+11   4.22100E+08
   1.85766E+03   1.36828E+11   4.23900E+08
   1.86113E+03   1.38305E+11   4.26510E+08
   1.86459E+03   1.39790E+11   4.28670E+08
   1.86805E+03   1.41281E+11   4.30650E+08
   1.87152E+03   1.42783E+11   4.33530E+08
   1.87498E+03   1.44296E+11   4.37040E+08
   1.87844E+03   1.45824E+11   4.41270E+08
   1.88191E+03   1.47370E+11   4.46400E+08
   1.88537E+03   1.48936E+11   4.52070E+08
   1.88883E+03   1.50535E+11   4.61790E+08
   1.89230E+03   1.52171E+11   4.72230E+08
   1.89576E+03   1.53852E+11   4.85550E+08
   1.89922E+03   1.55557E+11   4.92300E+08
   1.90268E+03   1.57316E+11   5.08050E+08
   1.90615E+03   1.59121E+11   5.20920E+08
   1.90961E+03   1.60954E+11   5.29560E+08
   1.91307E+03   1.62825E+11   5.40180E+08
   1.91654E+03   1.64727E+11   5.49090E+08
   1.92000E+03   1.66653E+11   5.56290E+08