0.0000E+00 0
8.6400E+04 0
1.7280E+05 0
2.5920E+05 0
3.4560E+05 0
4.3200E+05 0
5.1840E+05 0
6.0480E+05 0
6.9120E+05 0
7.7760E+05 0
8.6400E+05 0
9.5040E+05 0
1.0368E+06 0
1.1232E+06 0
1.2096E+06 0
1.2960E+06 0
1.3824E+06 0
1.4688E+06 0
1.5552E+06 0
1.6416E+06 0
1.7280E+06 0
1.8144E+06 0
1.9008E+06 0
1.9872E+06 0
2.0736E+06 0
2.1600E+06 0
2.2464E+06 0
2.3328E+06 0
2.4192E+06 0
2.5056E+06 0
2.5920E+06 0
2.6784E+06 0
2.7648E+06 0
2.8512E+06 0
2.9376E+06 0
3.0240E+06 0
3.1104E+06 0
3.1968E+06 0
3.2832E+06 0
3.3696E+06 0
3.4560E+06 0
3.5424E+06 0
3.6288E+06 0
3.7152E+06 0
3.8016E+06 0
3.8880E+06 0
3.9744E+06 0
4.0608E+06 0
4.1472E+06 0
4.2336E+06 0
4.3200E+06 0
4.4064E+06 0
4.4928E+06 0
4.5792E+06 0
4.6656E+06 0
4.7520E+06 0
4.8384E+06 0
4.9248E+06 0
5.0112E+06 0
5.0976E+06 0
5.1840E+06 0
5.2704E+06 0
5.3568E+06 0
5.4432E+06 0
5.5296E+06 0
5.6160E+06 0
5.7024E+06 0
5.7888E+06 0
5.8752E+06 0
5.9616E+06 0
6.0480E+06 0
6.1344E+06 0
6.2208E+06 0
6.3072E+06 0
6.3936E+06 0
6.4800E+06 0
6.5664E+06 0
6.6528E+06 0
6.7392E+06 0
6.8256E+06 0
6.9120E+06 0
6.9984E+06 0
7.0848E+06 0
7.1712E+06 0
7.2576E+06 0
7.3440E+06 0
7.4304E+06 0
7.5168E+06 0
7.6032E+06 0
7.6896E+06 0
7.7760E+06 0
7.8624E+06 20
7.9488E+06 20
8.0352E+06 20
8.1216E+06 20
8.2080E+06 20
8.2944E+06 20
8.3808E+06 20
8.4672E+06 0
8.5536E+06 0
8.6400E+06 0
8.7264E+06 0
8.8128E+06 0
8.8992E+06 0
8.9856E+06 0
9.0720E+06 20
9.1584E+06 20
9.2448E+06 20
9.3312E+06 20
9.4176E+06 20
9.5040E+06 20
9.5904E+06 20
9.6768E+06 0
9.7632E+06 0
9.8496E+06 0
9.9360E+06 0
1.0022E+07 0
1.0109E+07 0
1.0195E+07 0
1.0282E+07 0
1.0368E+07 0
1.0454E+07 20
1.0541E+07 20
1.0627E+07 20
1.0714E+07 20
1.0800E+07 20
1.0886E+07 20
1.0973E+07 20
1.1059E+07 0
1.1146E+07 0
1.1232E+07 0
1.1318E+07 0
1.1405E+07 0
1.1491E+07 0
1.1578E+07 0
1.1664E+07 20
1.1750E+07 20
1.1837E+07 20
1.1923E+07 20
1.2010E+07 20
1.2096E+07 20
1.2182E+07 20
1.2269E+07 0
1.2355E+07 0
1.2442E+07 0
1.2528E+07 0
1.2614E+07 0
1.2701E+07 0
1.2787E+07 0
1.2874E+07 20
1.2960E+07 20
1.3046E+07 20
1.3133E+07 20
1.3219E+07 20
1.3306E+07 20
1.3392E+07 20
1.3478E+07 0
1.3565E+07 0
1.3651E+07 0
1.3738E+07 0
1.3824E+07 0
1.3910E+07 0
1.3997E+07 0
1.4083E+07 20
1.4170E+07 20
1.4256E+07 20
1.4342E+07 20
1.4429E+07 20
1.4515E+07 20
1.4602E+07 20
1.4688E+07 0
1.4774E+07 0
1.4861E+07 0
1.4947E+07 0
1.5034E+07 0
1.5120E+07 0
1.5206E+07 0
1.5293E+07 20
1.5379E+07 20
1.5466E+07 20
1.5552E+07 20
1.5638E+07 20
1.5725E+07 20
1.5811E+07 20
1.5898E+07 0
1.5984E+07 0
1.6070E+07 0
1.6157E+07 0
1.6243E+07 0
1.6330E+07 0
1.6416E+07 0
1.6502E+07 20
1.6589E+07 20
1.6675E+07 20
1.6762E+07 20
1.6848E+07 20
1.6934E+07 20
1.7021E+07 20
1.7107E+07 0
1.7194E+07 0
1.7280E+07 0
1.7366E+07 0
1.7453E+07 0
1.7539E+07 0
1.7626E+07 0
1.7712E+07 20
1.7798E+07 20
1.7885E+07 20
1.7971E+07 20
1.8058E+07 20
1.8144E+07 20
1.8230E+07 20
1.8317E+07 0
1.8403E+07 0
1.8490E+07 0
1.8576E+07 0
1.8662E+07 0
1.8749E+07 0
1.8835E+07 0
1.8922E+07 20
1.9008E+07 20
1.9094E+07 20
1.9181E+07 20
1.9267E+07 20
1.9354E+07 20
1.9440E+07 20
1.9526E+07 0
1.9613E+07 0
1.9699E+07 0
1.9786E+07 0
1.9872E+07 0
1.9958E+07 0
2.0045E+07 0
2.0131E+07 20
2.0218E+07 20
2.0304E+07 20
2.0390E+07 20
2.0477E+07 20
2.0563E+07 20
2.0650E+07 20
2.0736E+07 0
2.0822E+07 0
2.0909E+07 0
2.0995E+07 0
2.1082E+07 0
2.1168E+07 0
2.1254E+07 0
2.1341E+07 20
2.1427E+07 20
2.1514E+07 20
2.1600E+07 20
2.1686E+07 20
2.1773E+07 20
2.1859E+07 20
2.1946E+07 0
2.2032E+07 0
2.2118E+07 0
2.2205E+07 0
2.2291E+07 0
2.2378E+07 0
2.2464E+07 0
2.2550E+07 20
2.2637E+07 20
2.2723E+07 20
2.2810E+07 20
2.2896E+07 20
2.2982E+07 20
2.3069E+07 20
2.3155E+07 0
2.3242E+07 0
2.3328E+07 0
2.3414E+07 0
2.3501E+07 0
2.3587E+07 0
2.3674E+07 0
2.3760E+07 0
2.3846E+07 0
2.3933E+07 0
2.4019E+07 0
2.4106E+07 0
2.4192E+07 0
2.4278E+07 0
2.4365E+07 0
2.4451E+07 0
2.4538E+07 0
2.4624E+07 0
2.4710E+07 0
2.4797E+07 0
2.4883E+07 0
2.4970E+07 0
2.5056E+07 0
2.5142E+07 0
2.5229E+07 0
2.5315E+07 0
2.5402E+07 0
2.5488E+07 0
2.5574E+07 0
2.5661E+07 0
2.5747E+07 0
2.5834E+07 0
2.5920E+07 0
2.6006E+07 0
2.6093E+07 0
2.6179E+07 0
2.6266E+07 0
2.6352E+07 0
2.6438E+07 0
2.6525E+07 0
2.6611E+07 0
2.6698E+07 0
2.6784E+07 0
2.6870E+07 0
2.6957E+07 0
2.7043E+07 0
2.7130E+07 0
2.7216E+07 0
2.7302E+07 0
2.7389E+07 0
2.7475E+07 0
2.7562E+07 0
2.7648E+07 0
2.7734E+07 0
2.7821E+07 0
2.7907E+07 0
2.7994E+07 0
2.8080E+07 0
2.8166E+07 0
2.8253E+07 0
2.8339E+07 0
2.8426E+07 0
2.8512E+07 0
2.8598E+07 0
2.8685E+07 0
2.8771E+07 0
2.8858E+07 0
2.8944E+07 0
2.9030E+07 0
2.9117E+07 0
2.9203E+07 0
2.9290E+07 0
2.9376E+07 0
2.9462E+07 0
2.9549E+07 0
2.9635E+07 0
2.9722E+07 0
2.9808E+07 0
2.9894E+07 0
2.9981E+07 0
3.0067E+07 0
3.0154E+07 0
3.0240E+07 0
3.0326E+07 0
3.0413E+07 0
3.0499E+07 0
3.0586E+07 0
3.0672E+07 0
3.0758E+07 0
3.0845E+07 0
3.0931E+07 0
3.1018E+07 0
3.1104E+07 0
3.1190E+07 0
3.1277E+07 0
3.1363E+07 0
3.1450E+07 0
3.1536E+07 0
3.1622E+07 0
3.1709E+07 0
3.1795E+07 0
3.1882E+07 0
3.1968E+07 0
3.2054E+07 0
3.2141E+07 0
3.2227E+07 0
3.2314E+07 0
3.2400E+07 0
3.2486E+07 0
3.2573E+07 0
3.2659E+07 0
3.2746E+07 0
3.2832E+07 0
3.2918E+07 0
3.3005E+07 0
3.3091E+07 0
3.3178E+07 0
3.3264E+07 0
3.3350E+07 0
3.3437E+07 0
3.3523E+07 0
3.3610E+07 0
3.3696E+07 0
3.3782E+07 0
3.3869E+07 0
3.3955E+07 0
3.4042E+07 0
3.4128E+07 0
3.4214E+07 0
3.4301E+07 0
3.4387E+07 0
3.4474E+07 0
3.4560E+07 0
3.4646E+07 0
3.4733E+07 0
3.4819E+07 0
3.4906E+07 0
3.4992E+07 0
3.5078E+07 0
3.5165E+07 0
3.5251E+07 0
3.5338E+07 0
3.5424E+07 0
3.5510E+07 0
3.5597E+07 0
3.5683E+07 0
3.5770E+07 0
3.5856E+07 0
3.5942E+07 0
3.6029E+07 0
3.6115E+07 0
3.6202E+07 0
3.6288E+07 0
3.6374E+07 0
3.6461E+07 0
3.6547E+07 0
3.6634E+07 0
3.6720E+07 0
3.6806E+07 0
3.6893E+07 0
3.6979E+07 0
3.7066E+07 0
3.7152E+07 0
3.7238E+07 0
3.7325E+07 0
3.7411E+07 0
3.7498E+07 0
3.7584E+07 0
3.7670E+07 0
3.7757E+07 0
3.7843E+07 0
3.7930E+07 0
3.8016E+07 0
3.8102E+07 0
3.8189E+07 0
3.8275E+07 0
3.8362E+07 0
3.8448E+07 0
3.8534E+07 0
3.8621E+07 0
3.8707E+07 0
3.8794E+07 0
3.8880E+07 0
3.8966E+07 20
3.9053E+07 20
3.9139E+07 20
3.9226E+07 20
3.9312E+07 20
3.9398E+07 20
3.9485E+07 20
3.9571E+07 0
3.9658E+07 0
3.9744E+07 0
3.9830E+07 0
3.9917E+07 0
4.0003E+07 0
4.0090E+07 0
4.0176E+07 20
4.0262E+07 20
4.0349E+07 20
4.0435E+07 20
4.0522E+07 20
4.0608E+07 20
4.0694E+07 20
4.0781E+07 0
4.0867E+07 0
4.0954E+07 0
4.1040E+07 0
4.1126E+07 0
4.1213E+07 0
4.1299E+07 0
4.1386E+07 0
4.1472E+07 0
4.1558E+07 20
4.1645E+07 20
4.1731E+07 20
4.1818E+07 20
4.1904E+07 20
4.1990E+07 20
4.2077E+07 20
4.2163E+07 0
4.2250E+07 0
4.2336E+07 0
4.2422E+07 0
4.2509E+07 0
4.2595E+07 0
4.2682E+07 0
4.2768E+07 20
4.2854E+07 20
4.2941E+07 20
4.3027E+07 20
4.3114E+07 20
4.3200E+07 20
4.3286E+07 20
4.3373E+07 0
4.3459E+07 0
4.3546E+07 0
4.3632E+07 0
4.3718E+07 0
4.3805E+07 0
4.3891E+07 0
4.3978E+07 20
4.4064E+07 20
4.4150E+07 20
4.4237E+07 20
4.4323E+07 20
4.4410E+07 20
4.4496E+07 20
4.4582E+07 0
4.4669E+07 0
4.4755E+07 0
4.4842E+07 0
4.4928E+07 0
4.5014E+07 0
4.5101E+07 0
4.5187E+07 20
4.5274E+07 20
4.5360E+07 20
4.5446E+07 20
4.5533E+07 20
4.5619E+07 20
4.5706E+07 20
4.5792E+07 0
4.5878E+07 0
4.5965E+07 0
4.6051E+07 0
4.6138E+07 0
4.6224E+07 0
4.6310E+07 0
4.6397E+07 20
4.6483E+07 20
4.6570E+07 20
4.6656E+07 20
4.6742E+07 20
4.6829E+07 20
4.6915E+07 20
4.7002E+07 0
4.7088E+07 0
4.7174E+07 0
4.7261E+07 0
4.7347E+07 0
4.7434E+07 0
4.7520E+07 0
4.7606E+07 20
4.7693E+07 20
4.7779E+07 20
4.7866E+07 20
4.7952E+07 20
4.8038E+07 20
4.8125E+07 20
4.8211E+07 0
4.8298E+07 0
4.8384E+07 0
4.8470E+07 0
4.8557E+07 0
4.8643E+07 0
4.8730E+07 0
4.8816E+07 20
4.8902E+07 20
4.8989E+07 20
4.9075E+07 20
4.9162E+07 20
4.9248E+07 20
4.9334E+07 20
4.9421E+07 0
4.9507E+07 0
4.9594E+07 0
4.9680E+07 0
4.9766E+07 0
4.9853E+07 0
4.9939E+07 0
5.0026E+07 20
5.0112E+07 20
5.0198E+07 20
5.0285E+07 20
5.0371E+07 20
5.0458E+07 20
5.0544E+07 20
5.0630E+07 0
5.0717E+07 0
5.0803E+07 0
5.0890E+07 0
5.0976E+07 0
5.1062E+07 0
5.1149E+07 0
5.1235E+07 20
5.1322E+07 20
5.1408E+07 20
5.1494E+07 20
5.1581E+07 20
5.1667E+07 20
5.1754E+07 20
5.1840E+07 0
5.1926E+07 0
5.2013E+07 0
5.2099E+07 0
5.2186E+07 0
5.2272E+07 0
5.2358E+07 0
5.2445E+07 20
5.2531E+07 20
5.2618E+07 20
5.2704E+07 20
5.2790E+07 20
5.2877E+07 20
5.2963E+07 20
5.3050E+07 0
5.3136E+07 0
5.3222E+07 0
5.3309E+07 0
5.3395E+07 0
5.3482E+07 0
5.3568E+07 0
5.3654E+07 20
5.3741E+07 20
5.3827E+07 20
5.3914E+07 20
5.4000E+07 20
5.4086E+07 20
5.4173E+07 20
5.4259E+07 0
5.4346E+07 0
5.4432E+07 0
5.4518E+07 0
5.4605E+07 0
5.4691E+07 0
5.4778E+07 0
5.4864E+07 0
5.4950E+07 0
5.5037E+07 0
5.5123E+07 0
5.5210E+07 0
5.5296E+07 0
5.5382E+07 0
5.5469E+07 0
5.5555E+07 0
5.5642E+07 0
5.5728E+07 0
5.5814E+07 0
5.5901E+07 0
5.5987E+07 0
5.6074E+07 0
5.6160E+07 0
5.6246E+07 0
5.6333E+07 0
5.6419E+07 0
5.6506E+07 0
5.6592E+07 0
5.6678E+07 0
5.6765E+07 0
5.6851E+07 0
5.6938E+07 0
5.7024E+07 0
5.7110E+07 0
5.7197E+07 0
5.7283E+07 0
5.7370E+07 0
5.7456E+07 0
5.7542E+07 0
5.7629E+07 0
5.7715E+07 0
5.7802E+07 0
5.7888E+07 0
5.7974E+07 0
5.8061E+07 0
5.8147E+07 0
5.8234E+07 0
5.8320E+07 0
5.8406E+07 0
5.8493E+07 0
5.8579E+07 0
5.8666E+07 0
5.8752E+07 0
5.8838E+07 0
5.8925E+07 0
5.9011E+07 0
5.9098E+07 0
5.9184E+07 0
5.9270E+07 0
5.9357E+07 0
5.9443E+07 0
5.9530E+07 0
5.9616E+07 0
5.9702E+07 0
5.9789E+07 0
5.9875E+07 0
5.9962E+07 0
6.0048E+07 0
6.0134E+07 0
6.0221E+07 0
6.0307E+07 0
6.0394E+07 0
6.0480E+07 0
6.0566E+07 0
6.0653E+07 0
6.0739E+07 0
6.0826E+07 0
6.0912E+07 0
6.0998E+07 0
6.1085E+07 0
6.1171E+07 0
6.1258E+07 0
6.1344E+07 0
6.1430E+07 0
6.1517E+07 0
6.1603E+07 0
6.1690E+07 0
6.1776E+07 0
6.1862E+07 0
6.1949E+07 0
6.2035E+07 0
6.2122E+07 0
6.2208E+07 0
6.2294E+07 0
6.2381E+07 0
6.2467E+07 0
6.2554E+07 0
6.2640E+07 0
6.2726E+07 0
6.2813E+07 0
6.2899E+07 0
6.2986E+07 0
6.3072E+07 0
6.3158E+07 0
6.3245E+07 0
6.3331E+07 0
6.3418E+07 0
6.3504E+07 0
6.3590E+07 0
6.3677E+07 0
6.3763E+07 0
6.3850E+07 0
6.3936E+07 0
6.4022E+07 0
6.4109E+07 0
6.4195E+07 0
6.4282E+07 0
6.4368E+07 0
6.4454E+07 0
6.4541E+07 0
6.4627E+07 0
6.4714E+07 0
6.4800E+07 0
6.4886E+07 0
6.4973E+07 0
6.5059E+07 0
6.5146E+07 0
6.5232E+07 0
6.5318E+07 0
6.5405E+07 0
6.5491E+07 0
