1074.5 0 0
1074.563333 1.06E+04 1.67E+05
1074.626667 3.17E+04 3.33E+05
1074.69 6.33E+04 5.00E+05
1074.753333 1.06E+05 6.67E+05
1074.816667 1.58E+05 8.33E+05
1074.88 2.22E+05 1.00E+06
1074.943333 2.96E+05 1.17E+06
1075.006667 3.80E+05 1.33E+06
1075.07 4.75E+05 1.50E+06
1075.133333 5.81E+05 1.67E+06
1075.196667 6.97E+05 1.83E+06
1075.26 8.23E+05 2.00E+06
1075.323333 9.61E+05 2.17E+06
1075.386667 1.11E+06 2.33E+06
1075.45 1.27E+06 2.50E+06
1075.513333 1.44E+06 2.67E+06
1075.576667 1.61E+06 2.83E+06
1075.64 1.80E+06 3.00E+06
1075.703333 2.01E+06 3.17E+06
1075.766667 2.22E+06 3.33E+06
1075.83 2.44E+06 3.50E+06
1075.893333 2.67E+06 3.67E+06
1075.956667 2.91E+06 3.83E+06
1076.02 3.17E+06 4.00E+06
1076.083333 3.43E+06 4.17E+06
1076.146667 3.70E+06 4.33E+06
1076.21 3.99E+06 4.50E+06
1076.273333 4.29E+06 4.67E+06
1076.336667 4.59E+06 4.83E+06
1076.4 4.91E+06 5.00E+06
1076.463333 5.24E+06 5.17E+06
1076.526667 5.57E+06 5.33E+06
1076.59 5.92E+06 5.50E+06
1076.653333 6.28E+06 5.67E+06
1076.716667 6.65E+06 5.83E+06
1076.78 7.03E+06 6.00E+06
1076.843333 7.42E+06 6.17E+06
1076.906667 7.82E+06 6.33E+06
1076.97 8.23E+06 6.50E+06
1077.033333 8.66E+06 6.67E+06
1077.096667 9.09E+06 6.83E+06
1077.16 9.53E+06 7.00E+06
1077.223333 9.99E+06 7.17E+06
1077.286667 1.04E+07 7.33E+06
1077.35 1.09E+07 7.50E+06
1077.413333 1.14E+07 7.67E+06
1077.476667 1.19E+07 7.83E+06
1077.54 1.24E+07 8.00E+06
1077.603333 1.29E+07 8.17E+06
1077.666667 1.35E+07 8.33E+06
1077.73 1.40E+07 8.50E+06
1077.793333 1.45E+07 8.67E+06
1077.856667 1.51E+07 8.83E+06
1077.92 1.57E+07 9.00E+06
1077.983333 1.63E+07 9.17E+06
1078.046667 1.68E+07 9.33E+06
1078.11 1.74E+07 9.50E+06
1078.173333 1.81E+07 9.67E+06
1078.236667 1.87E+07 9.83E+06
1078.3 1.93E+07 1.00E+07
1078.363333 2.00E+07 1.02E+07
1078.426667 2.06E+07 1.03E+07
1078.49 2.13E+07 1.05E+07
1078.553333 2.20E+07 1.07E+07
1078.616667 2.26E+07 1.08E+07
1078.68 2.33E+07 1.10E+07
1078.743333 2.40E+07 1.12E+07
1078.806667 2.48E+07 1.13E+07
1078.87 2.55E+07 1.15E+07
1078.933333 2.62E+07 1.17E+07
1078.996667 2.70E+07 1.18E+07
1079.06 2.77E+07 1.20E+07
1079.123333 2.85E+07 1.22E+07
1079.186667 2.93E+07 1.23E+07
1079.25 3.01E+07 1.25E+07
1079.313333 3.09E+07 1.27E+07
1079.376667 3.17E+07 1.28E+07
1079.44 3.25E+07 1.30E+07
1079.503333 3.34E+07 1.32E+07
1079.566667 3.42E+07 1.33E+07
1079.63 3.51E+07 1.35E+07
1079.693333 3.59E+07 1.37E+07
1079.756667 3.68E+07 1.38E+07
1079.82 3.77E+07 1.40E+07
1079.883333 3.86E+07 1.42E+07
1079.946667 3.95E+07 1.43E+07
1080.01 4.04E+07 1.45E+07
1080.073333 4.13E+07 1.47E+07
1080.136667 4.23E+07 1.48E+07
1080.2 4.32E+07 1.50E+07
1080.263333 4.42E+07 1.52E+07
1080.326667 4.52E+07 1.53E+07
1080.39 4.61E+07 1.55E+07
1080.453333 4.71E+07 1.57E+07
1080.516667 4.81E+07 1.58E+07
1080.58 4.91E+07 1.60E+07
1080.643333 5.02E+07 1.62E+07
1080.706667 5.12E+07 1.63E+07
1080.77 5.22E+07 1.65E+07
1080.833333 5.33E+07 1.67E+07
1080.896667 5.44E+07 1.68E+07
1080.96 5.54E+07 1.70E+07
1081.023333 5.65E+07 1.72E+07
1081.086667 5.76E+07 1.73E+07
1081.15 5.87E+07 1.75E+07
1081.213333 5.99E+07 1.77E+07
1081.276667 6.10E+07 1.78E+07
1081.34 6.21E+07 1.80E+07
1081.403333 6.33E+07 1.82E+07
1081.466667 6.44E+07 1.83E+07
1081.53 6.56E+07 1.85E+07
1081.593333 6.68E+07 1.87E+07
1081.656667 6.80E+07 1.88E+07
1081.72 6.92E+07 1.90E+07
1081.783333 7.04E+07 1.92E+07
1081.846667 7.16E+07 1.93E+07
1081.91 7.29E+07 1.95E+07
1081.973333 7.41E+07 1.97E+07
1082.036667 7.54E+07 1.98E+07
1082.1 7.66E+07 2.00E+07
1082.163333 7.79E+07 2.02E+07
1082.226667 7.92E+07 2.03E+07
1082.29 8.05E+07 2.05E+07
1082.353333 8.18E+07 2.07E+07
1082.416667 8.31E+07 2.08E+07
1082.48 8.45E+07 2.10E+07
1082.543333 8.58E+07 2.12E+07
1082.606667 8.71E+07 2.13E+07
1082.67 8.85E+07 2.15E+07
1082.733333 8.99E+07 2.17E+07
1082.796667 9.13E+07 2.18E+07
1082.86 9.27E+07 2.20E+07
1082.923333 9.41E+07 2.22E+07
1082.986667 9.55E+07 2.23E+07
1083.05 9.69E+07 2.25E+07
1083.113333 9.83E+07 2.27E+07
1083.176667 9.98E+07 2.28E+07
1083.24 1.01E+08 2.30E+07
1083.303333 1.03E+08 2.32E+07
1083.366667 1.04E+08 2.33E+07
1083.43 1.06E+08 2.35E+07
1083.493333 1.07E+08 2.37E+07
1083.556667 1.09E+08 2.38E+07
1083.62 1.10E+08 2.40E+07
1083.683333 1.12E+08 2.42E+07
1083.746667 1.13E+08 2.43E+07
1083.81 1.15E+08 2.45E+07
1083.873333 1.16E+08 2.47E+07
1083.936667 1.18E+08 2.48E+07
1084 1.20E+08 2.50E+07