#well time series values for testsfr2 problem
0 -1.42        
2592000 -1.45  
5184000 -1.07  
7776000 -0.62  
10368000 -0.52
12960000 -0.86
15552000 -1.33
18144000 -1.49
20736000 -1.21
23328000 -0.73
25920000 -0.50
28512000 -0.73
31104000 -1.21
33696000 -1.50
36288000 -1.33
38880000 -0.86
41472000 -0.52
44064000 -0.62
46656000 -1.07
49248000 -1.46
51840000 -1.42
54432000 -1.00
57024000 -0.58
59616000 -0.55
62208000 -0.93
64800000 -1.38
67392000 -1.48
69984000 -1.14
72576000 -0.67
75168000 -0.51
77760000 -0.80
80352000 -1.28
82944000 -1.50
85536000 -1.26
88128000 -0.79
90720000 -0.50
93312000 -0.68
95904000 -1.15
98496000 -1.48
101088000 -1.37
103680000 -0.92
106272000 -0.54
108864000 -0.58
111456000 -1.01
114048000 -1.43
116640000 -1.45
119232000 -1.06
121824000 -0.62
124416000 -0.52
127008000 -0.87
129600000 -1.34