Default file generated by model
Version: 1.7
** Dimensions **
####
nmonths
12
####
nrain
14
####
ntemp
16
####
nssr
78
####
nsegment
27
####
ndays
366
####
one
1
####
ndepl
2
####
nobs
23
####
ndeplval
22
####
nhru
78
####
ngw
78
####
npoigages
1
####
nlapse
3
** Parameters **
####
smidx_exp
1
one
1
2
0.3
####
den_init
1
one
1
2
0.1
####
albedo_ice
1
one
1
2
0.344
####
elev_units
1
one
1
1
1
####
ssstor_init_frac
1
one
1
2
0.0
####
hru_lat
1
nhru
78
2
63.17209
63.1521
63.03024
62.97585
63.00814
63.04056
62.97818
62.95074
62.94954
62.90406
62.88556
62.86207
62.8936
62.87212
62.83656
62.83025
62.82436
62.80843
62.80388
62.7411
62.80413
62.8023
62.80684
62.73548
62.79147
62.79408
62.73417
62.71868
62.79447
62.69831
62.6749
62.71314
62.74064
62.76927
62.71461
62.74744
62.66177
62.72183
62.62115
62.7054
62.64456
62.57179
62.71787
62.70017
62.68256
62.65935
62.62228
62.66946
62.56946
62.63983
62.65425
62.62774
62.59724
62.60811
62.62744
62.60321
62.60229
62.59658
62.55264
62.53771
62.54529
62.53978
62.44251
62.40902
62.50069
62.45756
62.4784
62.46688
62.43706
62.46564
62.47754
62.4
62.38925
62.37644
62.37562
62.32886
62.28641
62.32385
####
poi_type
1
npoigages
1
1
1
####
carea_max
1
one
1
2
0.6
####
pref_flow_den
1
one
1
2
0.0
####
tsta_x
1
ntemp
16
2
374560.062
432378.094
424016.719
428560.0
426404.688
427490.094
432574.688
422640.656
372702.844
427487.188
374475.531
446961.219
454158.0
427487.188
374475.531
426345.125
####
tsta_y
1
ntemp
16
2
1405405.75
1449469.12
1465237.0
1478962.0
1476682.88
1467582.0
1421385.0
1489249.25
1412370.62
1467053.75
1434257.75
1397012.88
1408255.75
1467053.75
1434257.75
1476360.5
####
abl_elev_range
1
nhru
78
2
0.0
0.0
0.0
0.0
0.0
0.0
0.0
0.0
0.0
0.0
0.0
0.0
0.0
0.0
0.0
0.0
0.0
0.0
0.0
0.0
0.0
0.0
0.0
0.0
0.0
0.0
0.0
0.0
0.0
0.0
0.0
0.0
0.0
0.0
0.0
0.0
0.0
0.0
0.0
0.0
0.0
0.0
0.0
0.0
0.0
0.0
0.0
0.0
0.0
0.0
0.0
0.0
0.0
0.0
0.0
0.0
0.0
0.0
0.0
0.0
0.0
0.0
0.0
0.0
0.0
0.0
0.0
0.0
0.0
0.0
0.0
0.0
0.0
0.0
0.0
0.0
0.0
0.0
####
radj_sppt
1
one
1
2
0.6
####
tmin_div
1
one
1
2
21.2388821
####
glacier_frac_init
1
nhru
78
2
0.0
0.0
0.0
0.0
0.0
0.0
0.0
0.0
0.0
0.0
0.0
0.0
0.0
0.0
0.0
0.0
0.0
0.0
0.0
0.0
0.0
0.0
0.0
0.0
0.0
0.0
0.0
0.0
0.0
0.0
0.0
0.0
0.0
0.0
0.0
0.0
0.0
0.0
0.0
0.0
0.0
0.0
0.0
0.0
0.0
0.0
0.0
0.0
0.0
0.0
0.0
0.0
0.0
0.0
0.0
0.0
0.0
0.0
0.0
0.0
0.0
0.0
0.0
0.0
0.0
0.0
0.0
0.0
0.0
0.0
0.0
0.0
0.0
0.0
0.0
0.0
0.0
0.0
####
den_max
1
one
1
2
0.5
####
adjust_snow
1
nmonths
12
2
-0.4
-0.4
-0.4
-0.4
-0.4
-0.4
-0.4
-0.4
-0.4
-0.4
-0.4
-0.4
####
tmin_add
1
one
1
2
-25.9774094
####
tmax_div
1
one
1
2
21.2388821
####
adjust_rain
1
nmonths
12
2
-0.4
-0.4
-0.4
-0.4
-0.4
-0.4
-0.4
-0.4
-0.4
-0.4
-0.4
-0.4
####
ppt_div
1
one
1
2
0.0313173383
####
tmin_adj
1
nhru
78
2
0.0
0.0
0.0
0.0
0.0
1.0
0.0
1.0
0.0
1.2
-1.0
-1.0
1.0
-1.0
0.0
0.0
1.2
1.2
1.0
1.7
-1.0
1.2
-1.7
-1.0
1.2
-1.7
1.0
1.7
0.0
1.2
1.2
1.0
1.2
1.2
1.2
-1.7
0.0
1.2
1.7
0.0
1.2
1.2
-1.0
-1.0
1.2
1.2
1.2
-1.0
0.0
-1.0
1.2
1.7
-1.0
1.2
-1.7
-1.0
-1.0
-1.0
-1.0
-1.0
1.7
0.0
1.7
0.0
-1.0
-1.7
0.0
-1.0
0.0
1.0
-1.0
0.0
0.0
-1.0
1.2
0.0
-1.0
-1.7
####
x_div
1
one
1
2
16648.8203
####
hru_type
1
nhru
78
1
1
1
1
1
1
1
1
1
1
1
1
1
1
1
1
1
1
1
1
1
1
1
1
1
1
1
1
1
1
1
1
1
1
1
1
1
1
1
1
1
1
1
1
1
1
1
1
1
1
1
1
1
1
1
1
1
1
1
1
1
1
1
1
1
1
1
1
1
1
1
1
1
1
1
1
1
1
1
####
covden_sum
1
nhru
78
2
0.0
0.0
0.0
0.0
0.0
0.0
0.0
0.0
0.0
0.0
0.0
0.0
0.0
0.0
0.0
0.0
0.0
0.0
0.0
0.0
0.0
0.0
0.0
0.0
0.0
0.0
0.0
0.0
0.0
0.0
0.0
0.0
0.0
0.0
0.0
0.0
0.0
0.0
0.0
0.0
0.0
0.0
0.0
0.0
0.0
0.0
0.0
0.0
0.0
0.0
0.0
0.0
0.0
0.0
0.0
0.0
0.0
0.0
0.0
0.0
0.0
0.0
0.0
0.0
0.0
0.0
0.0
0.0
0.0
0.0
0.0
0.0
0.0
0.0
0.0
0.0
0.0
0.0
####
tohru
1
nhru
78
1
0
0
0
0
0
0
0
0
0
0
0
0
0
0
0
0
0
0
0
0
0
0
0
0
0
0
0
0
0
0
0
0
0
0
0
0
0
0
0
0
0
0
0
0
0
0
0
0
0
0
0
0
0
0
0
0
0
0
0
0
0
0
0
0
0
0
0
0
0
0
0
0
0
0
0
0
0
0
####
cfgi_thrshld
1
one
1
2
83.0
####
tmax_add
1
one
1
2
-25.9774094
####
soil_rechr_init_frac
1
one
1
2
0.6
####
ppt_add
1
one
1
2
-0.051760532
####
tosegment
1
nsegment
27
1
18
17
17
19
26
16
16
20
15
15
23
22
24
21
19
20
18
22
21
25
23
24
25
26
26
27
0
####
tmax_adj
1
nhru
78
2
0.0
0.0
0.0
0.0
0.0
1.0
0.0
1.0
0.0
1.2
-1.0
-1.0
1.0
-1.0
0.0
0.0
1.2
1.2
1.0
1.7
-1.0
1.2
-1.7
-1.0
1.2
-1.7
1.0
1.7
0.0
1.2
1.2
1.0
1.2
1.2
1.2
-1.7
0.0
1.2
1.7
0.0
1.2
1.2
-1.0
-1.0
1.2
1.2
1.2
-1.0
0.0
-1.0
1.2
1.7
-1.0
1.2
-1.7
-1.0
-1.0
-1.0
-1.0
-1.0
1.7
0.0
1.7
0.0
-1.0
-1.7
0.0
-1.0
0.0
1.0
-1.0
0.0
0.0
-1.0
1.2
0.0
-1.0
-1.7
####
x_add
1
one
1
2
-403013.219
####
melt_look
1
one
1
1
90
####
tmax_allrain_dist
1
nmonths
12
2
38.0
38.0
38.0
38.0
38.0
38.0
38.0
38.0
38.0
38.0
38.0
38.0
####
slowcoef_lin
1
one
1
2
0.015
####
psta_month_ppt
1
nmonths
12
2
0.0318900272
0.0320786312
0.02334233
0.0184810571
0.0341732912
0.0814459175
0.108064272
0.085110493
0.0734313354
0.05408803
0.0384118408
0.0406092145
####
emis_noppt
1
one
1
2
0.9748301
####
hru_aspect
1
nhru
78
2
166.9863
241.9716
104.0106
268.1755
258.3472
122.3431
202.0104
132.0972
280.3465
206.2641
16.8596
20.3574
123.3412
0.8165
254.7423
89.0176
159.3805
226.0507
75.4863
244.7488
66.9022
223.1137
14.5355
97.4261
174.2042
1.9187
143.7274
234.6319
177.8118
191.7832
201.9376
111.5929
166.2854
181.0182
191.5051
61.9865
63.1055
189.6757
214.0468
274.5554
187.3803
174.546
19.1922
42.1241
176.3343
159.9054
137.9926
60.0974
264.4326
354.7961
165.5117
196.3712
3.8479
174.6064
18.4389
76.0791
320.458
52.3952
3.101
21.0317
266.2372
77.5908
214.5152
97.2904
294.9546
312.8315
102.6957
44.7526
312.7323
145.9576
32.6983
71.7594
60.1732
329.2511
173.6863
89.9231
354.2714
83.793
####
jh_coef
1
nmonths
12
2
0.012438457
0.0120655205
0.011147091
0.010239488
0.009420174
0.008563022
0.008513035
0.008328326
0.00835
0.00875
0.01045214
0.0118828025
####
ssr2gw_rate
1
one
1
2
0.1
####
runoff_units
1
one
1
1
0
####
precip_units
1
one
1
1
0
####
gwstor_min
1
one
1
2
0.0
####
imperv_stor_max
1
one
1
2
0.0
####
transp_beg
1
one
1
1
1
####
soil_moist_max
1
one
1
2
5.211
####
max_lapse
2
nlapse
nmonths
36
2
-0.0102700004
0.0193920005
-0.012685
0.0
0.0064249998
0.0
0.0
0.0
-0.0522769988
0.0
0.0
-0.0729129985
0.0
0.0
-0.0689669997
-0.00625899993
0.0
-0.0224169996
0.0
0.0
-0.0406519994
0.0
0.0
-0.022806
-0.00575600006
0.0
-0.00922899973
0.0
0.00870299991
-0.0260339994
0.0
0.0
0.0
-0.00904799998
0.0
0.0
####
albset_sna
1
one
1
2
0.05
####
albset_snm
1
one
1
2
0.2
####
ccov_intcp
1
nmonths
12
2
1.83
1.83
1.83
1.83
1.83
1.83
1.83
1.83
1.83
1.83
1.83
1.83
####
smidx_coef
1
one
1
2
0.0010028288
####
hru_elev
1
nhru
78
2
1219.0
1229.0
994.0
952.0
1057.0
1024.0
919.0
887.0
938.0
932.0
957.0
969.0
973.0
1006.0
776.0
791.0
919.0
988.0
1011.0
766.0
988.0
1014.0
792.0
817.0
915.0
906.0
831.0
777.0
1030.0
779.0
690.0
775.0
818.0
965.0
764.0
893.0
719.0
761.0
670.0
787.0
664.0
642.0
811.0
759.0
731.0
652.0
776.0
717.0
657.0
652.0
697.0
641.0
814.0
636.0
733.0
631.0
777.0
671.0
638.0
633.0
627.0
684.0
586.0
604.0
825.0
641.0
669.0
644.0
645.0
786.0
796.0
698.0
654.0
653.0
754.0
705.0
662.0
661.0
####
stage_coef
1
one
1
2
0.2
####
ssr2gw_exp
1
one
1
2
1.0
####
slowcoef_sq
1
one
1
2
0.05
####
ppt_rad_adj
1
one
1
2
0.02
####
cecn_coef
1
one
1
2
5.0
####
tsta_month_min
1
nmonths
12
2
-2.34549761
3.23852634
12.9841242
28.2926235
40.7026138
52.0613861
55.7119255
52.146965
41.5327988
23.7925148
5.11558151
-1.50477624
####
psta_elev
1
nrain
14
2
723.900024
830.0
720.5
822.0
823.0
839.099976
597.400024
990.599976
723.0
813.815979
792.47998
445.0
563.900024
813.5
####
print_freq
1
one
1
1
3
####
tsta_elev
1
ntemp
16
2
723.900024
830.0
720.5
822.0
823.0
839.099976
597.400024
990.599976
723.0
813.815979
792.47998
445.0
563.900024
813.799988
792.5
813.5
####
cov_type
1
nhru
78
1
2
2
3
3
2
2
3
3
3
3
3
3
3
2
3
3
3
3
2
3
3
3
3
3
3
3
3
3
3
3
3
3
3
3
3
3
3
3
3
3
3
3
3
3
3
3
3
3
3
3
3
3
3
3
3
3
3
3
3
3
3
3
3
3
3
3
3
3
3
3
3
3
3
3
3
3
3
3
####
albset_rna
1
one
1
2
0.8
####
glacr_freeh2o_cap
1
one
1
2
0.002
####
albset_rnm
1
one
1
2
0.6
####
stor_snow
1
nmonths
12
2
80.0
80.0
80.0
80.0
80.0
80.0
80.0
80.0
80.0
80.0
80.0
80.0
####
snow_intcp
1
nhru
78
2
0.0438
0.0459
0.0576
0.0655
0.057
0.0528
0.0575
0.0673
0.0719
0.0663
0.0599
0.0694
0.0597
0.0542
0.0887
0.0842
0.0676
0.0603
0.0566
0.091
0.0656
0.0593
0.0948
0.0906
0.0773
0.0827
0.0839
0.0869
0.0644
0.0927
0.0903
0.09
0.0767
0.0627
0.0915
0.0799
0.0883
0.0901
0.0904
0.0958
0.0969
0.0957
0.0984
0.0986
0.0941
0.0964
0.0897
0.0949
0.0881
0.0978
0.0966
0.0938
0.084
0.0917
0.096
0.0985
0.0876
0.0967
0.0894
0.0951
0.0724
0.0844
0.0933
0.0929
0.0773
0.0625
0.0868
0.0782
0.0856
0.0884
0.0712
0.0835
0.0732
0.0818
0.0945
0.0904
0.0767
0.0685
####
transp_end
1
one
1
1
13
####
srain_intcp
1
nhru
78
2
0.0432
0.0449
0.0443
0.0449
0.0493
0.0487
0.0474
0.0499
0.0492
0.0497
0.0488
0.0498
0.0488
0.0484
0.0483
0.0497
0.0498
0.0498
0.0474
0.0486
0.0499
0.0465
0.05
0.0496
0.0493
0.05
0.0491
0.0483
0.0492
0.0494
0.047
0.0497
0.0481
0.0494
0.0496
0.0482
0.048
0.0494
0.0464
0.0494
0.0491
0.0483
0.0494
0.0499
0.0499
0.0493
0.0462
0.0476
0.0456
0.0492
0.049
0.0475
0.0433
0.0464
0.0481
0.0496
0.0453
0.0485
0.0454
0.048
0.0365
0.0429
0.0478
0.0482
0.0426
0.0317
0.0441
0.0394
0.0432
0.0454
0.0391
0.0418
0.0371
0.0411
0.0473
0.0453
0.0386
0.0344
####
soil2gw_max
1
one
1
2
0.0
####
outlet_sta
1
one
1
1
1
####
snarea_thresh
1
nhru
78
2
19.365
19.535
15.68
14.99
16.71
16.17
14.435
13.91
14.75
14.65
15.065
15.255
15.335
15.875
12.105
12.34
14.445
15.58
15.945
11.935
15.57
16.0
12.35
12.77
14.375
14.225
12.995
12.105
16.255
12.15
10.685
12.085
12.785
15.2
11.895
14.015
11.16
11.845
10.355
12.27
10.265
9.905
12.67
11.82
11.365
10.07
12.1
11.125
10.145
10.055
10.795
9.875
12.725
9.8
11.385
9.72
12.105
10.375
9.84
9.75
9.645
10.585
8.975
9.28
12.905
9.885
10.335
9.93
9.95
12.27
12.43
10.825
10.09
10.085
11.74
10.925
10.23
10.205
####
hru_deplcrv
1
nhru
78
1
1
1
1
1
1
1
1
1
1
1
1
1
1
1
1
1
1
1
1
1
1
1
1
1
1
1
1
1
1
1
1
1
1
1
1
1
1
1
1
1
1
1
1
1
1
1
1
1
1
1
1
1
1
1
1
1
1
1
1
1
1
1
1
1
1
1
1
1
1
1
1
1
1
1
1
1
1
1
####
soil_type
1
nhru
78
1
2
2
2
2
2
2
2
2
2
2
2
2
2
2
2
2
2
2
2
2
2
2
2
2
2
2
2
2
2
2
2
2
2
2
2
2
2
2
2
2
2
2
2
2
2
2
2
2
2
2
2
2
2
2
2
2
2
2
2
2
2
2
2
2
2
2
2
2
2
2
2
2
2
2
2
2
2
2
####
hru_length
1
nhru
78
2
0.0
0.0
0.0
0.0
0.0
0.0
0.0
0.0
0.0
0.0
0.0
0.0
0.0
0.0
0.0
0.0
0.0
0.0
0.0
0.0
0.0
0.0
0.0
0.0
0.0
0.0
0.0
0.0
0.0
0.0
0.0
0.0
0.0
0.0
0.0
0.0
0.0
0.0
0.0
0.0
0.0
0.0
0.0
0.0
0.0
0.0
0.0
0.0
0.0
0.0
0.0
0.0
0.0
0.0
0.0
0.0
0.0
0.0
0.0
0.0
0.0
0.0
0.0
0.0
0.0
0.0
0.0
0.0
0.0
0.0
0.0
0.0
0.0
0.0
0.0
0.0
0.0
0.0
####
min_lapse
2
nlapse
nmonths
36
2
-0.0102700004
0.0193920005
-0.012685
0.0
0.0064249998
0.0
0.0
0.0
-0.0522769988
0.0
0.0
-0.0729129985
0.0
0.0
-0.0689669997
-0.00625899993
0.0
-0.0224169996
0.0
0.0
-0.0406519994
0.0
0.0
-0.022806
-0.00575600006
0.0
-0.00922899973
0.0
0.00870299991
-0.0260339994
0.0
0.0
0.0
-0.00904799998
0.0
0.0
####
poi_gage_segment
1
npoigages
1
1
27
####
soil_moist_init_frac
1
one
1
2
0.6
####
melt_force
1
one
1
1
140
####
solrad_elev
1
one
1
2
0.0
####
hru_slope
1
nhru
78
2
0.156
0.1254
0.1036
0.0822
0.095
0.0754
0.075
0.094
0.0854
0.0959
0.0846
0.1217
0.0406
0.0817
0.0933
0.0788
0.1059
0.1169
0.1653
0.0636
0.0958
0.1482
0.0887
0.0689
0.1007
0.0866
0.0774
0.0649
0.1373
0.0544
0.0215
0.0622
0.0851
0.1148
0.0524
0.0986
0.0445
0.0805
0.0263
0.0405
0.0393
0.0222
0.0324
0.0487
0.0602
0.0346
0.0359
0.0378
0.014
0.0274
0.0509
0.022
0.0328
0.0225
0.0427
0.0356
0.0289
0.0293
0.0149
0.0246
0.0153
0.0249
0.0195
0.0177
0.0247
0.0099
0.0239
0.0164
0.0119
0.0292
0.0231
0.0282
0.0081
0.0068
0.0286
0.0236
0.0099
0.0164
####
obsin_segment
1
nsegment
27
1
0
0
0
0
0
0
0
0
0
0
0
0
0
0
0
0
0
0
0
0
0
0
0
0
0
0
0
####
max_gldepth
1
one
1
2
1.5
####
potet_sublim
1
one
1
2
0.27406618
####
tstorm_mo
1
nmonths
12
1
0
0
0
0
1
1
1
1
1
0
0
0
####
radmax
1
one
1
2
0.8
####
crad_exp
1
one
1
2
0.61
####
hru_width
1
nhru
78
2
0.0
0.0
0.0
0.0
0.0
0.0
0.0
0.0
0.0
0.0
0.0
0.0
0.0
0.0
0.0
0.0
0.0
0.0
0.0
0.0
0.0
0.0
0.0
0.0
0.0
0.0
0.0
0.0
0.0
0.0
0.0
0.0
0.0
0.0
0.0
0.0
0.0
0.0
0.0
0.0
0.0
0.0
0.0
0.0
0.0
0.0
0.0
0.0
0.0
0.0
0.0
0.0
0.0
0.0
0.0
0.0
0.0
0.0
0.0
0.0
0.0
0.0
0.0
0.0
0.0
0.0
0.0
0.0
0.0
0.0
0.0
0.0
0.0
0.0
0.0
0.0
0.0
0.0
####
glacrva_coef
1
one
1
2
0.28
####
net_mbc_zero
1
nmonths
12
1
0
0
0
0
0
0
0
0
0
0
0
0
####
adjmix_rain
1
nmonths
12
2
1.0
1.0
1.0
1.0
1.0
1.0
1.0
1.0
1.0
1.0
1.0
1.0
####
temp_units
1
one
1
1
0
####
snowinfil_max
1
one
1
2
2.0
####
gwsink_coef
1
one
1
2
0.0
####
z_div
1
one
1
2
146.964478
####
sat_threshold
1
one
1
2
10.0
####
snowpack_init
1
one
1
2
0.0
####
snarea_curve
1
ndeplval
22
2
0.05
0.24
0.4
0.53
0.65
0.75
0.82
0.88
0.93
0.99
1.0
0.05
0.25
0.4
0.48
0.54
0.58
0.61
0.64
0.66
0.68
0.7
####
crad_coef
1
one
1
2
0.4
####
jh_coef_hru
1
nhru
78
2
17.9786
18.007
18.7397
18.9274
18.4012
18.637
18.9332
19.1858
19.0351
18.9743
18.7701
18.941
18.8613
18.693
19.4841
19.4746
18.9987
18.7415
18.6927
19.5583
18.7769
18.6448
19.421
19.3932
18.9503
19.0471
19.3
19.4566
18.6996
19.511
19.7278
19.5001
19.1212
18.8321
19.5199
18.9611
19.7203
19.469
19.8774
19.5027
19.8628
19.9809
19.4089
19.6062
19.6544
19.916
19.5
19.755
19.9302
19.9479
19.801
19.9901
19.4565
20.002
19.7034
20.0376
19.5339
19.8193
19.9989
20.0219
20.0213
19.7487
20.1674
20.141
19.3805
19.9661
19.8079
19.9602
19.9638
19.5583
19.4622
19.7055
19.945
19.9422
19.6087
19.7058
19.911
19.9109
####
z_add
1
one
1
2
-797.743591
####
stage_exp
1
one
1
2
0.4
####
rad_trncf
1
nhru
78
2
0.9917
0.9917
0.9917
0.9917
0.9917
0.9917
0.9917
0.9917
0.9917
0.9917
0.9917
0.9917
0.9917
0.9917
0.9917
0.9917
0.9917
0.9917
0.9917
0.9917
0.9917
0.9917
0.9917
0.9917
0.9917
0.9917
0.9917
0.9917
0.9917
0.9917
0.9917
0.9917
0.9917
0.9917
0.9917
0.9917
0.9917
0.9917
0.9917
0.9917
0.9917
0.9917
0.9917
0.9917
0.9917
0.9917
0.9917
0.9917
0.9917
0.9917
0.9917
0.9917
0.9917
0.9917
0.9917
0.9917
0.9917
0.9917
0.9917
0.9917
0.9917
0.9917
0.9917
0.9917
0.9917
0.9917
0.9917
0.9917
0.9917
0.9917
0.9917
0.9917
0.9917
0.9917
0.9917
0.9917
0.9917
0.9917
####
hru_percent_imperv
1
nhru
78
2
0.002
0.0243
0.0851
0.0949
0.0109
0.0246
0.0516
0.0019
0.0165
0.0052
0.0171
0.0034
0.0151
0.015
0.0331
0.0051
0.0041
0.0028
9.0E-4
0.0274
0.0017
0.0077
0.0
0.007
0.01
0.0
0.018
0.0344
0.0099
0.012
0.0594
0.0049
0.0217
0.0
0.0071
0.0322
0.0409
0.011
0.0714
0.0119
0.0177
0.0347
0.012
0.0026
0.002
0.0138
0.0767
0.0479
0.0885
0.0157
0.0186
0.0491
0.134
0.0725
0.0376
0.008
0.0939
0.0287
0.0926
0.0402
0.2705
0.1419
0.0407
0.0352
0.1488
0.3664
0.1171
0.2115
0.1356
0.0921
0.218
0.1633
0.2585
0.178
0.0532
0.0933
0.2279
0.3124
####
settle_const
1
one
1
2
0.1
####
x_coef
1
nsegment
27
2
0.2
0.2
0.2
0.2
0.2
0.2
0.2
0.2
0.2
0.2
0.2
0.2
0.2
0.2
0.2
0.2
0.2
0.2
0.2
0.2
0.2
0.2
0.2
0.2
0.2
0.2
0.2
####
segment_flow_init
1
nsegment
27
2
0.0
0.0
0.0
0.0
0.0
0.0
0.0
0.0
0.0
0.0
0.0
0.0
0.0
0.0
0.0
0.0
0.0
0.0
0.0
0.0
0.0
0.0
0.0
0.0
0.0
0.0
0.0
####
net_ard_zero
1
nmonths
12
1
0
0
0
0
0
0
0
0
0
0
0
0
####
gwstor_init
1
one
1
2
2.0
####
snowfld_frac_init
1
nhru
78
2
0.0
0.0
0.0
0.0
0.0
0.0
0.0
0.0
0.0
0.0
0.0
0.0
0.0
0.0
0.0
0.0
0.0
0.0
0.0
0.0
0.0
0.0
0.0
0.0
0.0
0.0
0.0
0.0
0.0
0.0
0.0
0.0
0.0
0.0
0.0
0.0
0.0
0.0
0.0
0.0
0.0
0.0
0.0
0.0
0.0
0.0
0.0
0.0
0.0
0.0
0.0
0.0
0.0
0.0
0.0
0.0
0.0
0.0
0.0
0.0
0.0
0.0
0.0
0.0
0.0
0.0
0.0
0.0
0.0
0.0
0.0
0.0
0.0
0.0
0.0
0.0
0.0
0.0
####
soil_rechr_max_frac
1
one
1
2
0.4243
####
cfgi_decay
1
one
1
2
0.97
####
K_coef
1
nsegment
27
2
15.355
114.104
102.114
29.3428
19.6684
22.3002
10.7978
26.5943
8.0548
4.6216
8.84758
5.74251
12.0848
7.48283
2.98123
5.65843
4.41516
1.00882
2.08349
3.0935
0.687254
2.14695
1.69357
0.892133
2.11111
1.58671
4.23794
####
transp_tmax
1
one
1
2
500.0
####
psta_nuse
1
nrain
14
1
1
1
1
1
0
1
1
1
1
1
1
1
1
1
####
tsta_nuse
1
ntemp
16
1
1
1
1
1
0
1
1
1
1
1
1
1
1
1
1
1
####
print_type
1
one
1
1
1
####
freeh2o_cap
1
one
1
2
0.19321534
####
gwflow_coef
1
one
1
2
0.015
####
conv_flag
1
one
1
1
0
####
stor_firn
1
nmonths
12
2
400.0
400.0
400.0
400.0
400.0
400.0
400.0
400.0
400.0
400.0
400.0
400.0
####
glacr_layer
1
one
1
2
3.94
####
hru_segment
1
nhru
78
1
1
1
1
1
3
3
2
3
3
17
2
17
2
2
18
18
12
11
11
22
12
10
12
22
9
12
13
13
9
13
5
11
14
14
11
9
5
15
26
14
24
5
9
15
14
21
4
14
5
13
19
23
19
25
21
24
4
23
25
26
20
20
27
27
4
8
16
8
16
7
4
7
8
8
6
6
6
6
####
hru_area
1
nhru
78
2
8616.377
16266.593
54542.383
48851.67
21300.02
9029.034
33064.45
2616.789
4650.422
19790.238
25387.055
15112.636
5722.836
19471.48
896.973
1957.032
10748.85
13476.834
11270.231
13956.208
8942.549
24959.57
808.017
22137.69
26555.838
5616.583
14803.761
10044.615
8018.395
20042.281
17981.467
10089.093
21171.527
632.576
11151.623
18945.156
7430.297
8094.996
18853.73
2896.012
17143.799
5263.23
8623.79
5757.43
3666.964
2683.506
62832.59
3402.567
19859.428
2831.766
2656.325
5186.629
26894.363
11280.115
3676.848
2767.52
48765.184
15396.801
18280.457
9098.222
4484.865
25841.719
49318.688
62694.21
27475.049
9515.821
28559.818
4136.454
13432.356
11030.544
4578.763
30502.023
9970.485
16815.154
10830.393
18856.201
28376.965
7791.063
####
ppt_lapse
2
nlapse
nmonths
36
2
0.125419006
0.113930002
0.219130993
0.0647019967
0.0
0.292304009
0.132532999
0.0
0.316711992
0.120995998
0.0
0.243111998
0.0
0.0
0.235420004
-0.218966007
0.0
0.395280004
-0.0783459991
0.150607005
0.344796985
0.292154014
0.0
0.71421802
0.39023599
0.310665995
0.612852991
0.32574001
0.0
0.523348987
0.0906139985
0.0743940026
0.157622993
0.134193003
0.0
0.255252987
####
radj_wppt
1
one
1
2
0.5
####
psta_x
1
nrain
14
2
374560.062
432378.094
424016.719
428560.0
426404.688
427490.094
432574.688
422640.656
372702.844
427487.188
374475.531
446961.219
454158.0
426345.125
####
psta_y
1
nrain
14
2
1405405.75
1449469.12
1465237.0
1478962.0
1476682.88
1467582.0
1421385.0
1489249.25
1412370.62
1467053.75
1434257.75
1397012.88
1408255.75
1476360.5
####
ccov_slope
1
nmonths
12
2
-0.13
-0.13
-0.13
-0.13
-0.13
-0.13
-0.13
-0.13
-0.13
-0.13
-0.13
-0.13
####
rain_code
1
nmonths
12
1
5
5
5
5
5
5
5
5
5
5
5
5
####
fastcoef_lin
1
one
1
2
0.1
####
y_div
1
one
1
2
21956.5547
####
tmax_allsnow_dist
1
one
1
2
32.0
####
stor_ice
1
nmonths
12
2
10.0
10.0
10.0
10.0
10.0
10.0
10.0
10.0
10.0
10.0
10.0
10.0
####
tsta_month_max
1
nmonths
12
2
-2.34549761
3.23852634
12.9841242
28.2926235
40.7026138
52.0613861
55.7119255
52.146965
41.5327988
23.7925148
5.11558151
-1.50477624
####
albedo_coef
1
one
1
2
0.137
####
glacrva_exp
1
one
1
2
1.375
####
epan_coef
1
one
1
2
1.0
####
tmax_allsnow
1
nmonths
12
2
32.0
32.0
32.0
32.0
32.0
32.0
32.0
32.0
32.0
32.0
32.0
32.0
####
y_add
1
one
1
2
-1427970.38
####
covden_win
1
nhru
78
2
0.0
0.0
0.0
0.0
0.0
0.0
0.0
0.0
0.0
0.0
0.0
0.0
0.0
0.0
0.0
0.0
0.0
0.0
0.0
0.0
0.0
0.0
0.0
0.0
0.0
0.0
0.0
0.0
0.0
0.0
0.0
0.0
0.0
0.0
0.0
0.0
0.0
0.0
0.0
0.0
0.0
0.0
0.0
0.0
0.0
0.0
0.0
0.0
0.0
0.0
0.0
0.0
0.0
0.0
0.0
0.0
0.0
0.0
0.0
0.0
0.0
0.0
0.0
0.0
0.0
0.0
0.0
0.0
0.0
0.0
0.0
0.0
0.0
0.0
0.0
0.0
0.0
0.0
####
hru_x
1
nhru
78
2
422569.25
425267.94
417748.72
422645.28
412142.6
407743.78
399831.9
404631.62
406531.8
409928.62
395918.4
405320.38
381509.88
382508.06
415523.44
414021.9
407316.97
394107.4
390004.44
419113.88
400611.03
380398.66
414319.34
416211.34
371791.7
409814.5
403703.72
406503.7
363387.6
410503.75
429712.12
395996.38
387595.38
390800.47
399599.2
363281.53
428010.22
382590.0
425503.47
392394.34
420503.56
429099.84
372483.66
381186.4
392991.75
397291.0
370270.12
391088.8
434202.47
410396.34
391187.2
404391.5
390480.03
412593.75
396387.22
418597.4
378673.3
401986.56
415389.06
422391.28
410784.97
402780.47
436588.34
428680.06
386765.72
417078.16
402872.72
415078.7
409071.6
395666.5
379858.2
397259.7
409765.72
413366.84
392554.2
392248.66
403850.5
402053.84
####
hru_y
1
nhru
78
2
1485189.5
1483291.1
1468597.0
1463098.0
1465398.1
1468497.5
1460501.0
1458002.2
1458101.4
1453403.6
1449605.9
1448105.5
1448806.8
1446507.8
1446504.9
1445606.0
1444108.2
1440710.4
1439710.1
1436209.8
1441008.4
1438411.0
1443006.8
1435210.6
1436213.9
1441008.0
1433512.8
1432112.6
1435615.0
1430311.9
1430111.5
1430213.1
1432314.4
1435912.0
1430813.1
1430316.9
1428410.5
1429614.8
1423513.0
1428914.0
1425513.0
1418415.8
1428016.0
1427016.1
1426415.8
1424315.8
1417021.0
1424715.8
1418813.4
1423716.5
1423017.9
1421614.8
1416517.9
1420415.0
1420617.1
1420614.5
1415721.9
1417818.0
1414517.4
1413717.6
1413119.5
1411519.6
1404819.5
1400021.5
1405224.8
1404022.5
1404622.8
1404821.4
1400724.0
1402324.6
1401827.9
1395126.2
1395425.4
1394426.4
1391830.1
1386531.1
1383132.1
1387129.2
####
tmax_allrain_offset
1
nmonths
12
2
6.0
6.0
6.0
6.0
6.0
6.0
6.0
6.0
6.0
6.0
6.0
6.0
####
wrain_intcp
1
nhru
78
2
0.0432
0.0449
0.0442
0.0445
0.0493
0.0487
0.0473
0.0498
0.0489
0.0494
0.0486
0.0493
0.0488
0.0484
0.0461
0.0495
0.0497
0.0492
0.0472
0.0479
0.0495
0.0465
0.0487
0.0484
0.0492
0.0495
0.0485
0.0475
0.0491
0.0483
0.0463
0.049
0.0477
0.0492
0.0489
0.0482
0.0456
0.0492
0.0456
0.0488
0.0487
0.048
0.0494
0.0498
0.0485
0.0489
0.0461
0.0475
0.0445
0.049
0.0485
0.0471
0.0432
0.046
0.0481
0.0495
0.0453
0.0485
0.0448
0.0478
0.0362
0.0428
0.0468
0.0469
0.0426
0.0312
0.044
0.0391
0.0429
0.0454
0.039
0.0418
0.0366
0.0409
0.0473
0.0453
0.0384
0.0343
####
psta_freq_nuse
1
nrain
14
1
1
1
1
1
0
1
1
1
1
1
1
1
1
1
####
fastcoef_sq
1
one
1
2
0.8
####
ppt_zero_thresh
1
one
1
2
0.0
####
glrette_frac_init
1
one
1
2
0.0
####
segment_type
1
one
1
1
1
####
obsout_segment
1
one
1
1
0
