0 0
1 0
2 0
3 0
4 0
5 0
6 0
7 0
8 0
9 0
10 0
11 0
12 0
13 0
14 0
15 0
16 0
17 0
18 0
19 0
20 0
21 0
22 0
23 0
24 0
25 0
26 0
27 0
28 0
29 0
30 0
31 0
32 0
33 0
34 0
35 0
36 0
37 0
38 0
39 0
40 0
41 0
42 0
43 0
44 0
45 0
46 0
47 0
48 0
49 0
50 0
51 0
52 0
53 0
54 0
55 0
56 0
57 0
58 0
59 0
60 0
61 0
62 0
63 0
64 0
65 0
66 0
67 0
68 0
69 0
70 0
71 0
72 0
73 0
74 0
75 0
76 0
77 0
78 0
79 0
80 0
81 0
82 0
83 0
84 0
85 0
86 0
87 0
88 0
89 0
90 0
91 0
92 0
93 0
94 0
95 0
96 0
97 0
98 0
99 0
100 0
101 0
102 0
103 0
104 0
105 0
106 0
107 0
108 0
109 0
110 0
111 0
112 0
113 0
114 0
115 0
116 0
117 0
118 0
119 0
120 0
121 0
122 0
123 0
124 0
125 0
126 0
127 0
128 0
129 0
130 0
131 0
132 0
133 0
134 0
135 0
136 0
137 0
138 0
139 0
140 0
141 0
142 0
143 0
144 0
145 0
146 0
147 0
148 0
149 0
150 0
151 500
152 500
153 500
154 500
155 500
156 500
157 500
158 500
159 500
160 500
161 500
162 500
163 500
164 500
165 500
166 500
167 500
168 500
169 500
170 500
171 500
172 500
173 500
174 500
175 500
176 500
177 500
178 500
179 500
180 500
181 500
182 500
183 500
184 500
185 500
186 500
187 500
188 500
189 500
190 500
191 500
192 500
193 500
194 500
195 500
196 500
197 500
198 500
199 500
200 500
201 500
202 500
203 500
204 500
205 500
206 500
207 500
208 500
209 500
210 500
211 500
212 75
213 75
214 75
215 75
216 75
217 75
218 75
219 75
220 75
221 75
222 75
223 75
224 75
225 75
226 75
227 75
228 75
229 75
230 75
231 75
232 75
233 75
234 75
235 75
236 75
237 75
238 75
239 75
240 75
241 75
242 75
243 75
244 75
245 75
246 75
247 75
248 75
249 75
250 75
251 75
252 75
253 75
254 75
255 75
256 75
257 75
258 75
259 75
260 75
261 75
262 75
263 75
264 75
265 75
266 75
267 75
268 75
269 75
270 75
271 75
272 75
273 75
274 75
275 75
276 75
277 75
278 75
279 75
280 75
281 75
282 75
283 75
284 75
285 75
286 75
287 75
288 75
289 75
290 75
291 75
292 75
293 75
294 75
295 75
296 75
297 75
298 75
299 75
300 75
301 75
302 75
303 75
304 75
305 75
306 75
307 75
308 75
309 75
310 75
311 75
312 75
313 75
314 75
315 75
316 75
317 75
318 75
319 75
320 75
321 75
322 75
323 75
324 75
325 75
326 75
327 75
328 75
329 75
330 75
331 75
332 75
333 75
334 75
335 75
336 75
337 75
338 75
339 75
340 75
341 75
342 75
343 75
344 75
345 75
346 75
347 75
348 75
349 75
350 75
351 75
352 75
353 75
354 75
355 75
356 75
357 75
358 75
359 75
360 75
361 75
362 75
363 75
364 75
365 0
366 0
367 0
368 0
369 0
370 0
371 0
372 0
373 0
374 0
375 0
376 0
377 0
378 0
379 0
380 0
381 0
382 0
383 0
384 0
385 0
386 0
387 0
388 0
389 0
390 0
391 0
392 0
393 0
394 0
395 0
396 0
397 0
398 0
399 0
400 0
401 0
402 0
403 0
404 0
405 0
406 0
407 0
408 0
409 0
410 0
411 0
412 0
413 0
414 0
415 0
416 0
417 0
418 0
419 0
420 0
421 0
422 0
423 0
424 0
425 0
426 0
427 0
428 0
429 0
430 0
431 0
432 0
433 0
434 0
435 0
436 0
437 0
438 0
439 0
440 0
441 0
442 0
443 0
444 0
445 0
446 0
447 0
448 0
449 0
450 0
451 0
452 0
453 0
454 0
455 0
456 0
457 0
458 0
459 0
460 0
461 0
462 0
463 0
464 0
465 0
466 0
467 0
468 0
469 0
470 0
471 0
472 0
473 0
474 0
475 0
476 0
477 0
478 0
479 0
480 0
481 0
482 0
483 0
484 0
485 0
486 0
487 0
488 0
489 0
490 0
491 0
492 0
493 0
494 0
495 0
496 0
497 0
498 0
499 0
500 0
501 0
502 0
503 0
504 0
505 0
506 0
507 0
508 0
509 0
510 0
511 0
512 0
513 0
514 0
515 0
516 0
517 500
518 500
519 500
520 500
521 500
522 500
523 500
524 500
525 500
526 500
527 500
528 500
529 500
530 500
531 500
532 500
533 500
534 500
535 500
536 500
537 500
538 500
539 500
540 500
541 500
542 500
543 500
544 500
545 500
546 500
547 500
548 500
549 500
550 500
551 500
552 500
553 500
554 500
555 500
556 500
557 500
558 500
559 500
560 500
561 500
562 500
563 500
564 500
565 500
566 500
567 500
568 500
569 500
570 500
571 500
572 500
573 500
574 500
575 500
576 500
577 500
578 75
579 75
580 75
581 75
582 75
583 75
584 75
585 75
586 75
587 75
588 75
589 75
590 75
591 75
592 75
593 75
594 75
595 75
596 75
597 75
598 75
599 75
600 75
601 75
602 75
603 75
604 75
605 75
606 75
607 75
608 75
609 75
610 75
611 75
612 75
613 75
614 75
615 75
616 75
617 75
618 75
619 75
620 75
621 75
622 75
623 75
624 75
625 75
626 75
627 75
628 75
629 75
630 75
631 75
632 75
633 75
634 75
635 75
636 75
637 75
638 75
639 75
640 75
641 75
642 75
643 75
644 75
645 75
646 75
647 75
648 75
649 75
650 75
651 75
652 75
653 75
654 75
655 75
656 75
657 75
658 75
659 75
660 75
661 75
662 75
663 75
664 75
665 75
666 75
667 75
668 75
669 75
670 75
671 75
672 75
673 75
674 75
675 75
676 75
677 75
678 75
679 75
680 75
681 75
682 75
683 75
684 75
685 75
686 75
687 75
688 75
689 75
690 75
691 75
692 75
693 75
694 75
695 75
696 75
697 75
698 75
699 75
700 75
701 75
702 75
703 75
704 75
705 75
706 75
707 75
708 75
709 75
710 75
711 75
712 75
713 75
714 75
715 75
716 75
717 75
718 75
719 75
720 75
721 75
722 75
723 75
724 75
725 75
726 75
727 75
728 75
729 75
730 75
731 0
732 0
733 0
734 0
735 0
736 0
737 0
738 0
739 0
740 0
741 0
742 0
743 0
744 0
745 0
746 0
747 0
748 0
749 0
750 0
751 0
752 0
753 0
754 0
755 0
756 0
757 0
758 0
759 0
760 0
761 0
762 0
763 0
764 0
765 0
766 0
767 0
768 0
769 0
770 0
771 0
772 0
773 0
774 0
775 0
776 0
777 0
778 0
779 0
780 0
781 0
782 0
783 0
784 0
785 0
786 0
787 0
788 0
789 0
790 0
791 0
792 0
793 0
794 0
795 0
796 0
797 0
798 0
799 0
800 0
801 0
802 0
803 0
804 0
805 0
806 0
807 0
808 0
809 0
810 0
811 0
812 0
813 0
814 0
815 0
816 0
817 0
818 0
819 0
820 0
821 0
822 0
823 0
824 0
825 0
826 0
827 0
828 0
829 0
830 0
831 0
832 0
833 0
834 0
835 0
836 0
837 0
838 0
839 0
840 0
841 0
842 0
843 0
844 0
845 0
846 0
847 0
848 0
849 0
850 0
851 0
852 0
853 0
854 0
855 0
856 0
857 0
858 0
859 0
860 0
861 0
862 0
863 0
864 0
865 0
866 0
867 0
868 0
869 0
870 0
871 0
872 0
873 0
874 0
875 0
876 0
877 0
878 0
879 0
880 0
881 0
882 500
883 500
884 500
885 500
886 500
887 500
888 500
889 500
890 500
891 500
892 500
893 500
894 500
895 500
896 500
897 500
898 500
899 500
900 500
901 500
902 500
903 500
904 500
905 500
906 500
907 500
908 500
909 500
910 500
911 500
912 500
913 500
914 500
915 500
916 500
917 500
918 500
919 500
920 500
921 500
922 500
923 500
924 500
925 500
926 500
927 500
928 500
929 500
930 500
931 500
932 500
933 500
934 500
935 500
936 500
937 500
938 500
939 500
940 500
941 500
942 500
943 75
944 75
945 75
946 75
947 75
948 75
949 75
950 75
951 75
952 75
953 75
954 75
955 75
956 75
957 75
958 75
959 75
960 75
961 75
962 75
963 75
964 75
965 75
966 75
967 75
968 75
969 75
970 75
971 75
972 75
973 75
974 75
975 75
976 75
977 75
978 75
979 75
980 75
981 75
982 75
983 75
984 75
985 75
986 75
987 75
988 75
989 75
990 75
991 75
992 75
993 75
994 75
995 75
996 75
997 75
998 75
999 75
1000 75
1001 75
1002 75
1003 75
1004 75
1005 75
1006 75
1007 75
1008 75
1009 75
1010 75
1011 75
1012 75
1013 75
1014 75
1015 75
1016 75
1017 75
1018 75
1019 75
1020 75
1021 75
1022 75
1023 75
1024 75
1025 75
1026 75
1027 75
1028 75
1029 75
1030 75
1031 75
1032 75
1033 75
1034 75
1035 75
1036 75
1037 75
1038 75
1039 75
1040 75
1041 75
1042 75
1043 75
1044 75
1045 75
1046 75
1047 75
1048 75
1049 75
1050 75
1051 75
1052 75
1053 75
1054 75
1055 75
1056 75
1057 75
1058 75
1059 75
1060 75
1061 75
1062 75
1063 75
1064 75
1065 75
1066 75
1067 75
1068 75
1069 75
1070 75
1071 75
1072 75
1073 75
1074 75
1075 75
1076 75
1077 75
1078 75
1079 75
1080 75
1081 75
1082 75
1083 75
1084 75
1085 75
1086 75
1087 75
1088 75
1089 75
1090 75
1091 75
1092 75
1093 75
1094 75
1095 75
1096 0
1097 0
1098 0
1099 0
1100 0
1101 0
1102 0
1103 0
1104 0
1105 0
1106 0
1107 0
1108 0
1109 0
1110 0
1111 0
1112 0
1113 0
1114 0
1115 0
1116 0
1117 0
1118 0
1119 0
1120 0
1121 0
1122 0
1123 0
1124 0
1125 0
1126 0
1127 0
1128 0
1129 0
1130 0
1131 0
1132 0
1133 0
1134 0
1135 0
1136 0
1137 0
1138 0
1139 0
1140 0
1141 0
1142 0
1143 0
1144 0
1145 0
1146 0
1147 0
1148 0
1149 0
1150 0
1151 0
1152 0
1153 0
1154 0
1155 0
1156 0
1157 0
1158 0
1159 0
1160 0
1161 0
1162 0
1163 0
1164 0
1165 0
1166 0
1167 0
1168 0
1169 0
1170 0
1171 0
1172 0
1173 0
1174 0
1175 0
1176 0
1177 0
1178 0
1179 0
1180 0
1181 0
1182 0
1183 0
1184 0
1185 0
1186 0
1187 0
1188 0
1189 0
1190 0
1191 0
1192 0
1193 0
1194 0
1195 0
1196 0
1197 0
1198 0
1199 0
1200 0
1201 0
1202 0
1203 0
1204 0
1205 0
1206 0
1207 0
1208 0
1209 0
1210 0
1211 0
1212 0
1213 0
1214 0
1215 0
1216 0
1217 0
1218 0
1219 0
1220 0
1221 0
1222 0
1223 0
1224 0
1225 0
1226 0
1227 0
1228 0
1229 0
1230 0
1231 0
1232 0
1233 0
1234 0
1235 0
1236 0
1237 0
1238 0
1239 0
1240 0
1241 0
1242 0
1243 0
1244 0
1245 0
1246 0
1247 500
1248 500
1249 500
1250 500
1251 500
1252 500
1253 500
1254 500
1255 500
1256 500
1257 500
1258 500
1259 500
1260 500
1261 500
1262 500
1263 500
1264 500
1265 500
1266 500
1267 500
1268 500
1269 500
1270 500
1271 500
1272 500
1273 500
1274 500
1275 500
1276 500
1277 500
1278 500
1279 500
1280 500
1281 500
1282 500
1283 500
1284 500
1285 500
1286 500
1287 500
1288 500
1289 500
1290 500
1291 500
1292 500
1293 500
1294 500
1295 500
1296 500
1297 500
1298 500
1299 500
1300 500
1301 500
1302 500
1303 500
1304 500
1305 500
1306 500
1307 500
1308 75
1309 75
1310 75
1311 75
1312 75
1313 75
1314 75
1315 75
1316 75
1317 75
1318 75
1319 75
1320 75
1321 75
1322 75
1323 75
1324 75
1325 75
1326 75
1327 75
1328 75
1329 75
1330 75
1331 75
1332 75
1333 75
1334 75
1335 75
1336 75
1337 75
1338 75
1339 75
1340 75
1341 75
1342 75
1343 75
1344 75
1345 75
1346 75
1347 75
1348 75
1349 75
1350 75
1351 75
1352 75
1353 75
1354 75
1355 75
1356 75
1357 75
1358 75
1359 75
1360 75
1361 75
1362 75
1363 75
1364 75
1365 75
1366 75
1367 75
1368 75
1369 75
1370 75
1371 75
1372 75
1373 75
1374 75
1375 75
1376 75
1377 75
1378 75
1379 75
1380 75
1381 75
1382 75
1383 75
1384 75
1385 75
1386 75
1387 75
1388 75
1389 75
1390 75
1391 75
1392 75
1393 75
1394 75
1395 75
1396 75
1397 75
1398 75
1399 75
1400 75
1401 75
1402 75
1403 75
1404 75
1405 75
1406 75
1407 75
1408 75
1409 75
1410 75
1411 75
1412 75
1413 75
1414 75
1415 75
1416 75
1417 75
1418 75
1419 75
1420 75
1421 75
1422 75
1423 75
1424 75
1425 75
1426 75
1427 75
1428 75
1429 75
1430 75
1431 75
1432 75
1433 75
1434 75
1435 75
1436 75
1437 75
1438 75
1439 75
1440 75
1441 75
1442 75
1443 75
1444 75
1445 75
1446 75
1447 75
1448 75
1449 75
1450 75
1451 75
1452 75
1453 75
1454 75
1455 75
1456 75
1457 75
1458 75
1459 75
1460 75
1461 0
1462 0
1463 0
1464 0
1465 0
1466 0
1467 0
1468 0
1469 0
1470 0
1471 0
1472 0
1473 0
1474 0
1475 0
1476 0
1477 0
1478 0
1479 0
1480 0
1481 0
1482 0
1483 0
1484 0
1485 0
1486 0
1487 0
1488 0
1489 0
1490 0
1491 0
1492 0
1493 0
1494 0
1495 0
1496 0
1497 0
1498 0
1499 0
1500 0
1501 0
1502 0
1503 0
1504 0
1505 0
1506 0
1507 0
1508 0
1509 0
1510 0
1511 0
1512 0
1513 0
1514 0
1515 0
1516 0
1517 0
1518 0
1519 0
1520 0
1521 0
1522 0
1523 0
1524 0
1525 0
1526 0
1527 0
1528 0
1529 0
1530 0
1531 0
1532 0
1533 0
1534 0
1535 0
1536 0
1537 0
1538 0
1539 0
1540 0
1541 0
1542 0
1543 0
1544 0
1545 0
1546 0
1547 0
1548 0
1549 0
1550 0
1551 0
1552 0
1553 0
1554 0
1555 0
1556 0
1557 0
1558 0
1559 0
1560 0
1561 0
1562 0
1563 0
1564 0
1565 0
1566 0
1567 0
1568 0
1569 0
1570 0
1571 0
1572 0
1573 0
1574 0
1575 0
1576 0
1577 0
1578 0
1579 0
1580 0
1581 0
1582 0
1583 0
1584 0
1585 0
1586 0
1587 0
1588 0
1589 0
1590 0
1591 0
1592 0
1593 0
1594 0
1595 0
1596 0
1597 0
1598 0
1599 0
1600 0
1601 0
1602 0
1603 0
1604 0
1605 0
1606 0
1607 0
1608 0
1609 0
1610 0
1611 0
1612 500
1613 500
1614 500
1615 500
1616 500
1617 500
1618 500
1619 500
1620 500
1621 500
1622 500
1623 500
1624 500
1625 500
1626 500
1627 500
1628 500
1629 500
1630 500
1631 500
1632 500
1633 500
1634 500
1635 500
1636 500
1637 500
1638 500
1639 500
1640 500
1641 500
1642 500
1643 500
1644 500
1645 500
1646 500
1647 500
1648 500
1649 500
1650 500
1651 500
1652 500
1653 500
1654 500
1655 500
1656 500
1657 500
1658 500
1659 500
1660 500
1661 500
1662 500
1663 500
1664 500
1665 500
1666 500
1667 500
1668 500
1669 500
1670 500
1671 500
1672 500
1673 75
1674 75
1675 75
1676 75
1677 75
1678 75
1679 75
1680 75
1681 75
1682 75
1683 75
1684 75
1685 75
1686 75
1687 75
1688 75
1689 75
1690 75
1691 75
1692 75
1693 75
1694 75
1695 75
1696 75
1697 75
1698 75
1699 75
1700 75
1701 75
1702 75
1703 75
1704 75
1705 75
1706 75
1707 75
1708 75
1709 75
1710 75
1711 75
1712 75
1713 75
1714 75
1715 75
1716 75
1717 75
1718 75
1719 75
1720 75
1721 75
1722 75
1723 75
1724 75
1725 75
1726 75
1727 75
1728 75
1729 75
1730 75
1731 75
1732 75
1733 75
1734 75
1735 75
1736 75
1737 75
1738 75
1739 75
1740 75
1741 75
1742 75
1743 75
1744 75
1745 75
1746 75
1747 75
1748 75
1749 75
1750 75
1751 75
1752 75
1753 75
1754 75
1755 75
1756 75
1757 75
1758 75
1759 75
1760 75
1761 75
1762 75
1763 75
1764 75
1765 75
1766 75
1767 75
1768 75
1769 75
1770 75
1771 75
1772 75
1773 75
1774 75
1775 75
1776 75
1777 75
1778 75
1779 75
1780 75
1781 75
1782 75
1783 75
1784 75
1785 75
1786 75
1787 75
1788 75
1789 75
1790 75
1791 75
1792 75
1793 75
1794 75
1795 75
1796 75
1797 75
1798 75
1799 75
1800 75
1801 75
1802 75
1803 75
1804 75
1805 75
1806 75
1807 75
1808 75
1809 75
1810 75
1811 75
1812 75
1813 75
1814 75
1815 75
1816 75
1817 75
1818 75
1819 75
1820 75
1821 75
1822 75
1823 75
1824 75
1825 75
1826 0
1827 0
1828 0
1829 0
1830 0
1831 0
1832 0
1833 0
1834 0
1835 0
1836 0
1837 0
1838 0
1839 0
1840 0
1841 0
1842 0
1843 0
1844 0
1845 0
1846 0
1847 0
1848 0
1849 0
1850 0
1851 0
1852 0
1853 0
1854 0
1855 0
1856 0