Default file generated by model
Version: 1.7
** Dimensions **
####
nmonths
12
####
nrain
9
####
ntemp
7
####
nssr
426
####
ndays
366
####
nsegment
330
####
one
1
####
ndepl
2
####
nobs
29
####
ndeplval
22
####
nhru
426
####
ngw
426
####
nlapse
3
####
npoigages
1
** Parameters **
####
smidx_exp
1
one
1
2
0.3
####
den_init
1
one
1
2
0.1
####
albedo_ice
1
one
1
2
0.344
####
elev_units
1
one
1
1
1
####
hru_lat
1
nhru
426
2
60.99236
60.96933
60.95899
60.94993
60.92919
60.92086
60.92813
60.90123
60.86621
60.83379
60.79713
60.76766
60.72655
60.69703
60.69828
60.69789
60.6823
60.66856
60.63469
60.6253
60.63203
60.62712
60.61892
60.61349
60.60504
60.59906
60.58529
60.57611
60.99187
60.97975
61.00746
61.03965
61.07817
61.07682
61.10049
61.09944
61.11031
61.13433
61.13573
61.14835
61.16058
61.15734
61.15621
61.14981
61.15984
61.13847
61.12328
61.11172
61.07462
61.03649
61.0255
60.95569
60.93651
60.92198
60.91352
60.88864
60.87124
60.86422
60.88995
60.91183
60.94192
60.96592
60.9909
61.00596
61.01624
61.0421
61.05359
61.05644
61.04184
61.02792
61.07186
61.06965
61.08617
61.10369
61.11709
61.15218
61.18739
61.22868
61.25537
61.26897
61.26374
61.2552
61.25423
61.26022
61.28977
61.26885
61.25107
61.27616
61.28204
61.29255
61.30283
61.32168
61.38335
60.88093
60.86651
60.85117
60.8227
60.7854
60.7312
60.6757
60.67467
60.67388
60.66762
60.67364
60.67713
60.66271
60.89909
60.8707
60.85446
60.83129
60.81119
60.79183
60.77723
60.74235
60.72785
61.10885
61.11356
61.12138
61.13218
61.15456
61.19099
61.23398
61.27598
61.30692
61.3206
61.3246
61.33411
61.34086
61.34744
61.35007
61.35883
61.36983
61.38109
60.88472
60.8825
60.86956
60.85454
60.83454
60.83607
60.82408
60.81776
61.00583
61.01532
61.02765
61.03417
61.05524
61.07618
61.0906
61.09677
61.10309
61.1038
61.10391
61.10909
60.81539
60.81564
60.80948
60.79421
60.77961
60.76555
60.75928
60.75852
60.91228
60.898
60.8919
60.88272
60.86838
60.86128
60.85611
61.22835
61.24227
61.25587
61.27132
61.28573
61.29717
61.30565
61.30229
61.30213
61.30037
61.31373
60.99743
60.98537
60.97877
60.97214
60.96533
60.95711
60.95277
60.95329
60.95238
60.89257
60.88049
60.87016
60.85248
60.84061
60.83298
60.84617
60.84034
60.82564
60.81317
60.81101
60.81055
60.88104
60.88679
60.89127
60.89613
60.91347
60.92282
60.91861
60.91624
60.91153
60.90339
60.89396
60.7981
60.7939
60.78959
60.78739
60.78679
60.78081
60.88859
60.87834
60.87
60.86199
60.859
60.90804
60.89589
60.88149
60.8767
61.04648
61.05542
61.06557
61.06994
61.07133
61.07728
61.08184
61.0901
61.05399
61.04983
61.04496
61.04363
61.04822
61.05368
61.05739
60.82366
60.81255
60.79314
60.82932
60.82775
60.82329
60.82036
60.82054
60.82352
60.81978
60.8145
60.85952
60.85224
60.84793
60.84504
60.90987
60.89795
60.88276
60.87188
61.24015
61.24878
61.25654
61.26861
61.27525
61.28389
61.06077
61.06771
61.06934
61.06745
61.06553
61.08326
61.08033
61.24247
61.24065
61.2374
61.23585
61.23958
60.91233
60.90195
60.88942
60.88135
61.34219
61.30606
61.25945
61.25948
61.30325
61.25752
61.33401
61.28185
61.2207
61.2896
61.22884
61.18504
61.26872
61.23893
61.21307
61.279
61.31641
61.29967
61.18404
61.12426
61.21801
61.12389
61.20405
61.18098
61.22328
61.14132
61.16172
61.14667
61.10328
61.18349
61.17619
61.1466
61.0584
61.01522
61.01168
61.1824
61.2042
61.15737
61.12083
61.2257
60.99703
61.08611
61.09785
61.10068
61.08557
61.06637
60.94873
61.10105
61.05682
61.14234
61.03403
60.92896
61.04588
60.91502
60.93853
61.05677
61.09781
61.09961
61.08964
60.89665
60.85351
61.01978
60.949
60.97749
60.92813
61.02441
60.93627
61.04926
61.05813
61.10617
61.09642
60.99829
61.03341
60.97358
60.99667
60.99994
60.95115
60.95957
60.83003
60.93976
60.87198
60.88824
60.95864
60.95337
60.94841
60.91489
60.88062
60.7831
60.83893
60.90001
60.8908
60.87322
60.84175
60.80117
60.84985
60.85257
60.91073
60.81362
60.79961
60.80762
60.88686
60.89109
60.79581
60.78603
60.80306
60.82815
60.92984
60.7412
60.73993
60.78593
60.7533
60.90297
60.69928
60.90673
60.90206
60.75041
60.70124
60.72695
60.72265
60.81194
60.75156
60.87589
60.66686
60.68881
60.8549
60.67721
60.76458
60.66953
60.80727
60.71255
60.60851
60.8336
60.64841
60.61821
60.81526
60.70646
60.77502
60.67406
60.64902
60.63774
60.68511
60.67574
60.66231
60.63392
####
ssstor_init
1
one
1
2
0.0
####
poi_type
1
npoigages
1
1
1
####
carea_max
1
one
1
2
0.6
####
pref_flow_den
1
one
1
2
0.0
####
tsta_x
1
ntemp
7
2
596469.688
584451.812
585324.562
580583.625
598218.125
566795.25
603952.25
####
parent_poigages
1
npoigages
1
1
10
####
tsta_y
1
ntemp
7
2
1312484.25
1319871.88
1320018.62
1317501.12
1312784.62
1283125.0
1310468.62
####
abl_elev_range
1
nhru
426
2
0.0
0.0
0.0
0.0
0.0
0.0
0.0
0.0
0.0
0.0
0.0
0.0
0.0
0.0
0.0
0.0
0.0
0.0
0.0
0.0
0.0
0.0
0.0
0.0
0.0
0.0
0.0
0.0
0.0
0.0
0.0
0.0
0.0
0.0
0.0
0.0
0.0
0.0
0.0
0.0
0.0
0.0
0.0
0.0
0.0
0.0
0.0
0.0
0.0
0.0
0.0
0.0
0.0
0.0
0.0
0.0
0.0
0.0
0.0
0.0
0.0
0.0
0.0
0.0
0.0
0.0
0.0
0.0
0.0
0.0
0.0
0.0
0.0
0.0
0.0
0.0
0.0
0.0
0.0
0.0
0.0
0.0
0.0
0.0
0.0
0.0
0.0
0.0
0.0
0.0
0.0
0.0
0.0
0.0
0.0
0.0
0.0
0.0
0.0
0.0
0.0
0.0
0.0
0.0
0.0
0.0
0.0
0.0
0.0
0.0
0.0
0.0
0.0
0.0
0.0
0.0
0.0
0.0
0.0
0.0
0.0
0.0
0.0
0.0
0.0
0.0
0.0
0.0
0.0
0.0
0.0
0.0
0.0
0.0
0.0
0.0
0.0
0.0
0.0
0.0
0.0
0.0
0.0
0.0
0.0
0.0
0.0
0.0
0.0
0.0
0.0
0.0
0.0
0.0
0.0
0.0
0.0
0.0
0.0
0.0
0.0
0.0
0.0
0.0
0.0
0.0
0.0
0.0
0.0
0.0
0.0
0.0
0.0
0.0
0.0
0.0
0.0
0.0
0.0
0.0
0.0
0.0
0.0
0.0
0.0
0.0
0.0
0.0
0.0
0.0
0.0
0.0
0.0
0.0
0.0
0.0
0.0
0.0
0.0
0.0
0.0
0.0
0.0
0.0
0.0
0.0
0.0
0.0
0.0
0.0
0.0
0.0
0.0
0.0
0.0
0.0
0.0
0.0
0.0
0.0
0.0
0.0
0.0
0.0
0.0
0.0
0.0
0.0
0.0
0.0
0.0
0.0
0.0
0.0
0.0
0.0
0.0
0.0
0.0
0.0
0.0
0.0
0.0
0.0
0.0
0.0
0.0
0.0
0.0
0.0
0.0
0.0
0.0
0.0
0.0
0.0
0.0
0.0
0.0
0.0
0.0
0.0
0.0
0.0
0.0
0.0
0.0
0.0
0.0
0.0
0.0
0.0
0.0
0.0
0.0
0.0
0.0
0.0
0.0
0.0
0.0
0.0
0.0
609.07263
661.26764
0.0
516.05347
370.35706
0.0
735.5976
812.05334
259.6341
619.9435
0.0
314.63922
364.23532
322.8833
233.27495
467.53516
390.9624
591.5161
0.0
490.7685
0.0
276.8593
405.91284
370.93924
493.0263
0.0
396.33374
414.6551
501.31567
270.22717
604.7595
636.0652
0.0
0.0
405.45602
0.0
393.05182
581.8917
0.0
600.7202
684.2411
0.0
886.57715
582.4845
740.4338
524.44446
523.7503
440.67572
0.0
460.46484
461.0921
459.86298
488.01404
498.84543
0.0
0.0
0.0
0.0
626.96204
538.50836
577.96265
318.48798
655.9116
509.82593
0.0
377.3165
261.462
154.43634
0.0
0.0
297.5001
0.0
400.64743
351.2113
0.0
805.0043
293.4305
565.51294
277.96686
0.0
0.0
0.0
0.0
372.56268
506.6319
588.8009
447.5067
611.8999
0.0
0.0
900.73224
364.11243
545.42847
665.3643
634.64197
500.34412
562.5188
518.30426
388.71487
466.38333
0.0
381.83246
0.0
420.18372
429.42615
332.9532
0.0
0.0
0.0
424.2917
0.0
0.0
297.69446
240.8143
315.07925
324.81116
540.57336
337.2203
515.82166
449.9256
300.19418
0.0
0.0
428.40527
0.0
453.73038
0.0
374.77637
563.745
903.85266
399.567
313.32037
314.72757
356.73398
366.80475
294.89844
0.0
0.0
352.3449
235.00137
394.05615
0.0
0.0
####
radj_sppt
1
one
1
2
0.6
####
tmin_div
1
one
1
2
17.4883709
####
glacier_frac_init
1
nhru
426
2
1.0
1.0
1.0
1.0
1.0
1.0
1.0
1.0
1.0
1.0
1.0
1.0
1.0
1.0
1.0
1.0
1.0
1.0
1.0
1.0
1.0
1.0
1.0
1.0
1.0
1.0
1.0
1.0
1.0
1.0
1.0
1.0
1.0
1.0
1.0
1.0
1.0
1.0
1.0
1.0
1.0
1.0
1.0
1.0
1.0
1.0
1.0
1.0
1.0
1.0
1.0
1.0
1.0
1.0
1.0
1.0
1.0
1.0
1.0
1.0
1.0
1.0
1.0
1.0
1.0
1.0
1.0
1.0
1.0
1.0
1.0
1.0
1.0
1.0
1.0
1.0
1.0
1.0
1.0
1.0
1.0
1.0
1.0
1.0
1.0
1.0
1.0
1.0
1.0
1.0
1.0
1.0
1.0
0.0
0.2
1.0
1.0
1.0
1.0
1.0
1.0
1.0
1.0
1.0
1.0
1.0
0.0
0.5
1.0
1.0
1.0
1.0
1.0
1.0
1.0
0.0
0.5
1.0
1.0
1.0
1.0
1.0
1.0
1.0
1.0
1.0
1.0
1.0
1.0
1.0
1.0
1.0
1.0
0.0
1.0
1.0
1.0
1.0
1.0
1.0
1.0
0.8
1.0
1.0
1.0
1.0
1.0
1.0
1.0
1.0
1.0
1.0
1.0
1.0
1.0
1.0
1.0
1.0
1.0
1.0
1.0
0.1
1.0
1.0
1.0
1.0
1.0
1.0
0.0
0.5
1.0
1.0
1.0
1.0
1.0
1.0
1.0
1.0
1.0
1.0
1.0
1.0
1.0
1.0
1.0
1.0
1.0
1.0
0.5
1.0
1.0
1.0
1.0
1.0
1.0
1.0
1.0
1.0
1.0
1.0
0.5
1.0
1.0
1.0
1.0
1.0
0.5
1.0
1.0
1.0
1.0
0.9
1.0
1.0
1.0
1.0
1.0
0.4
1.0
1.0
1.0
1.0
0.3
1.0
1.0
1.0
0.5
1.0
1.0
1.0
1.0
1.0
1.0
1.0
0.1
1.0
1.0
1.0
1.0
1.0
1.0
0.8
1.0
1.0
0.5
1.0
1.0
1.0
1.0
1.0
1.0
1.0
1.0
1.0
1.0
1.0
0.1
1.0
1.0
1.0
0.8
1.0
1.0
1.0
1.0
1.0
0.2
1.0
1.0
1.0
1.0
1.0
1.0
1.0
1.0
1.0
1.0
1.0
0.1
1.0
1.0
1.0
0.0
0.0
0.0
0.0
0.0
0.0
0.0
0.0
0.0
0.0
0.0
0.0
0.0
0.0
0.0
0.0
0.0
0.0
0.0
0.0
0.0
0.0
0.0
0.0
0.0
0.0
0.0
0.0
0.0
0.0
0.0
0.0
0.0
0.0
0.0
0.0
0.0
0.0
0.0
0.0
0.0
0.0
0.0
0.0
0.0
0.0
0.0
0.0
0.0
0.0
0.0
0.0
0.0
0.0
0.0
0.0
0.0
0.0
0.0
0.0
0.0
0.0
0.0
0.0
0.0
0.0
0.0
0.0
0.0
0.0
0.0
0.0
0.0
0.0
0.0
0.0
0.0
0.0
0.0
0.0
0.0
0.0
0.0
0.0
0.0
0.0
0.0
0.0
0.0
0.0
0.0
0.0
0.0
0.0
0.0
0.0
0.0
0.0
0.0
0.0
0.0
0.0
0.0
0.0
0.0
0.0
0.0
0.0
0.0
0.0
0.0
0.0
0.0
0.0
0.0
0.0
0.0
0.0
0.0
0.0
0.0
0.0
0.0
0.0
0.0
0.0
0.0
0.0
0.0
0.0
0.0
0.0
0.0
0.0
0.0
0.0
0.0
0.0
0.0
0.0
0.0
0.0
0.0
0.0
####
den_max
1
one
1
2
0.5
####
adjust_snow
1
nmonths
12
2
-0.4
-0.4
-0.4
-0.4
-0.4
-0.4
-0.4
-0.4
-0.4
-0.4
-0.4
-0.4
####
tmin_add
1
one
1
2
-16.6006813
####
tmax_div
1
one
1
2
17.4883709
####
adjust_rain
1
nmonths
12
2
-0.4
-0.4
-0.4
-0.4
-0.4
-0.4
-0.4
-0.4
-0.4
-0.4
-0.4
-0.4
####
ppt_div
1
one
1
2
0.12418475
####
tmin_adj
1
nhru
426
2
-1.0
-1.7
1.2
-1.7
-1.7
-1.7
0.0
0.0
-1.0
0.0
-1.0
0.0
-1.0
-1.0
-1.0
-1.0
-1.0
-1.0
-1.0
-1.7
-1.0
-1.0
-1.0
-1.0
-1.7
-1.7
-1.0
-1.0
1.2
0.0
-1.0
1.2
0.0
0.0
-1.0
-1.0
-1.0
-1.0
-1.0
-1.0
-1.0
0.0
1.2
1.7
0.0
-1.0
-1.0
0.0
0.0
0.0
0.0
-1.0
-1.0
0.0
-1.7
1.7
1.7
1.7
0.0
0.0
0.0
0.0
0.0
1.7
1.7
1.2
1.0
1.0
0.0
0.0
-1.0
1.2
-1.7
1.7
1.7
1.7
0.0
1.2
1.0
0.0
0.0
0.0
0.0
0.0
0.0
-1.0
-1.0
1.2
1.2
1.2
1.2
1.0
1.0
0.0
0.0
0.0
-1.7
-1.0
-1.0
-1.0
0.0
0.0
0.0
0.0
0.0
-1.0
0.0
-1.0
-1.7
-1.0
-1.0
-1.0
-1.0
-1.0
0.0
1.7
1.2
1.2
1.2
1.7
1.2
1.0
1.2
1.2
1.0
1.0
1.2
0.0
0.0
0.0
0.0
1.0
1.2
-1.0
1.7
0.0
-1.0
-1.0
-1.0
-1.0
-1.0
-1.7
1.2
1.0
1.0
1.7
1.2
0.0
0.0
0.0
-1.0
-1.0
0.0
-1.7
-1.0
-1.0
-1.7
-1.0
-1.0
-1.0
-1.7
-1.0
-1.0
-1.7
0.0
-1.0
-1.0
-1.7
0.0
0.0
1.2
1.7
1.7
1.7
1.2
1.7
1.7
0.0
0.0
-1.0
-1.0
-1.7
-1.0
-1.0
-1.0
-1.0
-1.0
-1.0
0.0
0.0
-1.0
-1.0
-1.0
-1.0
-1.0
-1.7
-1.0
-1.0
-1.0
-1.0
0.0
1.2
-1.0
-1.0
1.2
0.0
-1.0
0.0
-1.0
-1.0
-1.0
-1.0
1.7
0.0
0.0
-1.0
-1.0
-1.0
-1.7
-1.0
-1.0
-1.7
-1.0
-1.7
-1.0
-1.0
0.0
1.7
-1.0
-1.0
1.2
0.0
0.0
1.0
-1.7
1.7
-1.0
1.7
1.2
1.7
0.0
-1.0
-1.7
0.0
-1.7
1.2
0.0
-1.0
-1.0
-1.0
-1.0
-1.7
-1.0
-1.0
-1.0
-1.0
-1.0
-1.7
-1.0
-1.0
1.0
1.2
1.2
1.2
1.0
0.0
1.7
1.7
-1.0
-1.0
-1.0
0.0
1.2
-1.0
-1.0
-1.7
-1.7
1.7
0.0
-1.7
-1.7
-1.0
1.2
0.0
-1.0
1.2
0.0
1.7
1.0
1.2
1.0
1.7
0.0
-1.0
0.0
-1.0
1.2
1.2
1.7
-1.0
0.0
-1.0
0.0
1.2
1.0
-1.0
0.0
1.0
1.0
-1.0
-1.0
1.0
0.0
0.0
1.2
1.0
1.7
1.0
1.0
1.2
1.2
0.0
-1.0
-1.0
1.2
1.0
1.0
-1.0
1.0
-1.0
1.7
1.2
1.0
0.0
1.7
1.7
1.0
1.7
0.0
1.7
-1.0
1.2
-1.0
1.2
1.7
-1.0
1.2
1.0
-1.0
-1.7
-1.7
1.7
-1.0
-1.0
-1.0
-1.0
1.7
1.7
1.2
-1.0
-1.0
1.2
1.2
1.0
-1.0
0.0
-1.0
-1.0
-1.7
1.0
-1.7
1.2
1.2
1.2
1.2
-1.7
0.0
-1.7
1.7
-1.0
1.2
0.0
0.0
-1.0
0.0
1.7
0.0
0.0
1.7
-1.7
-1.7
-1.0
0.0
0.0
-1.0
-1.0
-1.7
0.0
-1.0
0.0
1.0
0.0
1.0
1.2
-1.7
-1.0
-1.0
-1.0
1.7
0.0
1.2
1.2
-1.0
0.0
-1.0
-1.0
0.0
1.0
0.0
-1.0
1.2
-1.7
0.0
0.0
1.7
0.0
####
x_div
1
one
1
2
31875.4414
####
hru_type
1
nhru
426
1
4
4
4
4
4
4
4
4
4
4
4
4
4
4
4
4
4
4
4
4
4
4
4
4
4
4
4
4
4
4
4
4
4
4
4
4
4
4
4
4
4
4
4
4
4
4
4
4
4
4
4
4
4
4
4
4
4
4
4
4
4
4
4
4
4
4
4
4
4
4
4
4
4
4
4
4
4
4
4
4
4
4
4
4
4
4
4
4
4
4
4
4
4
4
4
4
4
4
4
4
4
4
4
4
4
4
4
4
4
4
4
4
4
4
4
4
4
4
4
4
4
4
4
4
4
4
4
4
4
4
4
4
4
4
4
4
4
4
4
4
4
4
4
4
4
4
4
4
4
4
4
4
4
4
4
4
4
4
4
4
4
4
4
4
4
4
4
4
4
4
4
4
4
4
4
4
4
4
4
4
4
4
4
4
4
4
4
4
4
4
4
4
4
4
4
4
4
4
4
4
4
4
4
4
4
4
4
4
4
4
4
4
4
4
4
4
4
4
4
4
4
4
4
4
4
4
4
4
4
4
4
4
4
4
4
4
4
4
4
4
4
4
4
4
4
4
4
4
4
4
4
4
4
4
4
4
4
4
4
4
4
4
4
4
4
4
4
4
4
4
4
4
4
4
4
4
4
4
4
4
4
4
1
1
1
1
1
1
1
1
1
1
1
1
1
1
1
1
1
1
1
1
1
1
1
1
1
1
1
1
1
1
1
1
1
1
1
1
1
1
1
1
1
1
1
1
1
1
1
1
1
1
1
1
1
1
1
1
1
1
1
1
1
1
1
1
1
1
1
1
1
1
1
1
1
1
1
1
1
1
1
1
1
1
1
1
1
1
1
1
1
1
1
1
1
1
1
1
1
1
1
1
1
1
1
1
1
1
1
1
1
1
1
1
1
1
1
1
1
1
1
1
1
1
1
1
1
1
1
1
1
1
1
1
1
1
1
1
1
1
1
1
1
1
1
1
####
covden_sum
1
nhru
426
2
0.0
0.0445
0.073
0.1155
0.3668
0.3701
0.0
0.0
0.0
3.0E-4
0.0
0.0
0.0
0.0
0.0
0.0
0.0
0.0
0.0
0.0
0.0
0.0
0.0
0.0
0.0
0.0
0.0
0.0
0.0
0.0
0.0
0.0
0.0
0.0
0.0
0.0
0.0
0.0
0.0
0.0
0.0
0.0
0.0
0.0
0.0
0.0
0.0
0.0
0.0
0.0
0.0
2.0E-4
0.0
0.0
0.0
0.0
0.0
0.0
0.0
0.0
0.0
0.0
0.0
0.0
0.0
0.0
0.0
0.0
0.0
0.0
0.0
0.0879
0.1036
0.0
0.0
0.0
0.0
0.0
0.0
0.0
0.0
0.0
0.0
0.0
0.0
0.0
0.0
0.0
0.0
0.0
0.0
0.0
0.0
0.1454
0.0725
0.0096
0.0
0.0
0.0
0.0
0.0
0.0
0.0
0.0
0.0
0.0
0.1245
0.0229
0.0
0.0
0.0
0.0
0.0
0.0
0.0
0.0
0.0
0.0
0.0
0.0
0.0
0.0
0.0
0.0
0.0
0.0
0.0
0.0
0.0
0.0
0.0
0.0
0.0
0.0
0.0
0.0
0.0
0.0
0.0
0.0
0.0
0.0
0.0
0.0
0.0
0.0
0.0
0.0
0.0
0.0
0.0
0.0
0.0
0.0
0.0
0.0
0.0
0.0
0.0
0.0
0.0
0.0
0.0
0.0
0.0
0.0
0.0
0.0
0.0
0.0
0.0
0.0
0.0
0.0
0.0
0.0
0.0
0.0
0.0
0.0
0.0
0.0
0.0
0.0
0.0
0.0
0.0
0.0
0.0
0.0
0.0
0.0
0.0
0.0
0.0
0.0
0.0
0.0
0.0
0.0
0.0
0.0
0.0
0.0
0.0
0.0
0.0
0.0
0.0
0.0
0.0
0.0
0.0
0.0
0.0
0.0
0.0
0.0
0.0
0.0
0.0
0.0
0.0
0.0
0.0
0.0
0.0
0.0
0.0
0.0
0.0
0.0
0.0
0.0
0.0
0.0
0.0
0.0
0.0
0.0
0.0
0.0
0.0
0.0
0.0
0.0
0.0
0.0
0.0
0.0
0.0
0.0
0.0
0.0
0.0
0.0
0.0
0.0
0.0
0.0
0.0
0.0
0.0
0.0
0.0
0.0
0.0
0.0
0.0
0.0
0.0
0.0
0.0
0.0
0.0
0.0
0.0
0.0
0.0
0.0
0.0
0.0
0.0
0.0
0.0
0.0
0.0
0.0
0.0
0.0
0.0
0.0
0.0
0.0
0.0
0.0
0.0
0.0
0.0
0.0
0.0
0.0
0.0
0.0
0.0
0.0
0.0
0.0
0.0
0.0
0.0
0.0
0.0
0.0
0.0
0.0
0.0
0.0
0.0
0.0
0.0
0.0
0.0
0.0
0.0
0.0
0.0
0.0
0.0
0.0
0.0
0.0
0.0
0.0
0.0
0.0
0.0
0.0
0.0
0.0
0.0
0.0
0.0
0.0
0.0478
0.0
0.0
0.0
0.0662
0.2026
0.2337
0.0
0.0
0.1424
0.0
0.0
0.1532
0.019
0.0
0.1136
0.0
0.0
0.0
0.0
0.2433
0.0984
0.0
0.0
0.0
0.0
0.0
0.0
0.0
0.0
0.0
0.0026
0.0
0.0
0.0
0.0
0.0
0.0
0.0
0.1343
0.0
0.0
0.0
0.0
0.0428
0.0
0.0
0.0
0.0
0.1215
0.0
0.0887
0.1771
0.0
0.0
0.0
0.0
0.0
0.0
0.0
0.0
0.0
0.0
0.0
0.0
0.0
0.0
0.0
0.0
0.0
0.0
0.0
0.0067
0.0
0.0
0.0
0.0
0.0
0.0
0.0
0.0
0.0
####
tohru
1
nhru
426
1
0
1
2
3
4
5
6
7
8
9
10
11
12
13
14
15
16
17
18
19
20
21
22
23
24
25
26
27
3
29
30
31
32
33
34
35
36
37
38
39
40
41
42
43
44
45
46
47
48
49
50
3
52
53
54
55
56
57
58
59
60
61
62
63
64
65
66
67
68
69
0
71
72
73
74
75
76
77
78
79
80
81
82
83
84
85
86
87
88
89
90
91
92
0
94
95
96
97
98
99
100
101
102
103
104
105
0
107
108
109
110
111
112
113
114
0
116
117
118
119
120
121
122
123
124
125
126
127
128
129
130
131
132
0
134
135
136
137
138
139
140
0
142
143
144
145
146
147
148
149
150
151
152
96
154
155
156
157
158
159
160
0
162
163
164
165
166
167
0
169
170
171
172
173
174
175
176
177
178
29
180
181
182
183
184
185
186
187
0
189
190
191
192
193
108
195
196
197
198
199
0
201
202
203
204
205
0
207
208
209
210
0
212
213
214
215
216
6
218
219
220
221
257
223
224
225
0
227
228
229
230
231
232
233
0
235
236
237
238
239
240
108
242
243
0
245
246
247
248
249
250
251
0
253
254
255
0
257
258
259
0
261
262
263
264
265
0
267
268
269
270
271
272
73
274
275
276
277
0
279
280
281
0
0
0
0
0
0
0
0
0
0
0
0
0
0
0
0
0
0
0
0
0
0
0
0
0
0
0
0
0
0
0
0
0
0
0
0
0
0
0
0
0
0
0
0
0
0
0
0
0
0
0
0
0
0
0
0
0
0
0
0
0
0
0
0
0
0
0
0
0
0
0
0
0
0
0
0
0
0
0
0
0
0
0
0
0
0
0
0
0
0
0
0
0
0
0
0
0
0
0
0
0
0
0
0
0
0
0
0
0
0
0
0
0
0
0
0
0
0
0
0
0
0
0
0
0
0
0
0
0
0
0
0
0
0
0
0
0
0
0
0
0
0
0
0
####
cfgi_thrshld
1
one
1
2
83.0
####
tmax_add
1
one
1
2
-16.6006813
####
soil_rechr_init
1
one
1
2
1.0
####
ppt_add
1
one
1
2
-0.214284018
####
tmax_adj
1
nhru
426
2
-1.0
-1.7
1.2
-1.7
-1.7
-1.7
0.0
0.0
-1.0
0.0
-1.0
0.0
-1.0
-1.0
-1.0
-1.0
-1.0
-1.0
-1.0
-1.7
-1.0
-1.0
-1.0
-1.0
-1.7
-1.7
-1.0
-1.0
1.2
0.0
-1.0
1.2
0.0
0.0
-1.0
-1.0
-1.0
-1.0
-1.0
-1.0
-1.0
0.0
1.2
1.7
0.0
-1.0
-1.0
0.0
0.0
0.0
0.0
-1.0
-1.0
0.0
-1.7
1.7
1.7
1.7
0.0
0.0
0.0
0.0
0.0
1.7
1.7
1.2
1.0
1.0
0.0
0.0
-1.0
1.2
-1.7
1.7
1.7
1.7
0.0
1.2
1.0
0.0
0.0
0.0
0.0
0.0
0.0
-1.0
-1.0
1.2
1.2
1.2
1.2
1.0
1.0
0.0
0.0
0.0
-1.7
-1.0
-1.0
-1.0
0.0
0.0
0.0
0.0
0.0
-1.0
0.0
-1.0
-1.7
-1.0
-1.0
-1.0
-1.0
-1.0
0.0
1.7
1.2
1.2
1.2
1.7
1.2
1.0
1.2
1.2
1.0
1.0
1.2
0.0
0.0
0.0
0.0
1.0
1.2
-1.0
1.7
0.0
-1.0
-1.0
-1.0
-1.0
-1.0
-1.7
1.2
1.0
1.0
1.7
1.2
0.0
0.0
0.0
-1.0
-1.0
0.0
-1.7
-1.0
-1.0
-1.7
-1.0
-1.0
-1.0
-1.7
-1.0
-1.0
-1.7
0.0
-1.0
-1.0
-1.7
0.0
0.0
1.2
1.7
1.7
1.7
1.2
1.7
1.7
0.0
0.0
-1.0
-1.0
-1.7
-1.0
-1.0
-1.0
-1.0
-1.0
-1.0
0.0
0.0
-1.0
-1.0
-1.0
-1.0
-1.0
-1.7
-1.0
-1.0
-1.0
-1.0
0.0
1.2
-1.0
-1.0
1.2
0.0
-1.0
0.0
-1.0
-1.0
-1.0
-1.0
1.7
0.0
0.0
-1.0
-1.0
-1.0
-1.7
-1.0
-1.0
-1.7
-1.0
-1.7
-1.0
-1.0
0.0
1.7
-1.0
-1.0
1.2
0.0
0.0
1.0
-1.7
1.7
-1.0
1.7
1.2
1.7
0.0
-1.0
-1.7
0.0
-1.7
1.2
0.0
-1.0
-1.0
-1.0
-1.0
-1.7
-1.0
-1.0
-1.0
-1.0
-1.0
-1.7
-1.0
-1.0
1.0
1.2
1.2
1.2
1.0
0.0
1.7
1.7
-1.0
-1.0
-1.0
0.0
1.2
-1.0
-1.0
-1.7
-1.7
1.7
0.0
-1.7
-1.7
-1.0
1.2
0.0
-1.0
1.2
0.0
1.7
1.0
1.2
1.0
1.7
0.0
-1.0
0.0
-1.0
1.2
1.2
1.7
-1.0
0.0
-1.0
0.0
1.2
1.0
-1.0
0.0
1.0
1.0
-1.0
-1.0
1.0
0.0
0.0
1.2
1.0
1.7
1.0
1.0
1.2
1.2
0.0
-1.0
-1.0
1.2
1.0
1.0
-1.0
1.0
-1.0
1.7
1.2
1.0
0.0
1.7
1.7
1.0
1.7
0.0
1.7
-1.0
1.2
-1.0
1.2
1.7
-1.0
1.2
1.0
-1.0
-1.7
-1.7
1.7
-1.0
-1.0
-1.0
-1.0
1.7
1.7
1.2
-1.0
-1.0
1.2
1.2
1.0
-1.0
0.0
-1.0
-1.0
-1.7
1.0
-1.7
1.2
1.2
1.2
1.2
-1.7
0.0
-1.7
1.7
-1.0
1.2
0.0
0.0
-1.0
0.0
1.7
0.0
0.0
1.7
-1.7
-1.7
-1.0
0.0
0.0
-1.0
-1.0
-1.7
0.0
-1.0
0.0
1.0
0.0
1.0
1.2
-1.7
-1.0
-1.0
-1.0
1.7
0.0
1.2
1.2
-1.0
0.0
-1.0
-1.0
0.0
1.0
0.0
-1.0
1.2
-1.7
0.0
0.0
1.7
0.0
####
tosegment
1
nsegment
330
1
3
3
7
5
6
7
313
109
10
5
178
69
4
6
67
4
103
102
65
39
91
91
20
20
23
23
14
14
14
124
2
1
126
1
14
141
31
31
18
39
40
41
42
43
44
45
46
47
48
49
50
51
52
53
54
55
56
57
58
59
60
61
62
63
40
65
66
67
68
69
70
71
72
73
74
75
76
77
78
79
80
81
82
83
84
42
86
87
88
89
90
91
92
93
94
95
96
97
98
99
100
16
102
103
104
105
106
107
108
109
110
111
112
113
114
115
116
117
118
119
120
121
122
43
124
125
126
127
128
129
130
131
132
133
134
135
27
137
138
139
140
141
142
143
144
145
13
147
148
149
150
151
152
153
154
155
156
157
158
159
160
161
162
163
34
165
166
167
168
169
170
171
166
19
174
175
176
177
178
179
180
181
182
183
184
33
186
187
188
189
190
191
24
193
194
195
196
197
198
10
200
201
202
203
204
205
206
15
208
209
210
211
212
213
214
215
26
217
218
219
220
221
35
223
224
225
226
21
228
229
230
231
232
233
32
235
236
237
238
239
37
241
242
243
244
245
29
247
248
249
14
251
252
253
70
255
256
257
258
259
260
261
262
11
264
265
266
267
268
269
270
36
272
273
38
275
276
277
278
279
280
30
282
283
284
28
286
287
288
9
290
291
292
293
294
9
17
297
298
299
300
301
302
8
304
305
306
307
25
309
310
311
314
315
316
317
318
319
320
321
322
323
324
0
315
316
318
321
323
324
####
x_add
1
one
1
2
-669519.25
####
melt_look
1
one
1
1
90
####
tmax_allrain_dist
1
nmonths
12
2
38.0
38.0
38.0
38.0
38.0
38.0
38.0
38.0
38.0
38.0
38.0
38.0
####
slowcoef_lin
1
one
1
2
0.015
####
emis_noppt
1
one
1
2
0.9748301
####
psta_month_ppt
1
nmonths
12
2
0.179985419
0.177654505
0.123479106
0.11722938
0.124787889
0.167969465
0.293413162
0.271976054
0.351497531
0.302474648
0.257272691
0.203668892
####
hru_aspect
1
nhru
426
2
303.1152
297.5931
242.9822
250.0501
359.0096
14.4669
257.7971
271.6863
308.3445
284.3308
297.1849
293.2056
329.1237
342.8346
343.8605
356.4731
359.2023
347.9582
346.3782
353.5305
348.8
338.9846
3.862
355.5363
2.4839
9.2089
4.9532
19.5397
231.1384
278.297
249.812
208.6043
237.8278
235.7192
306.6778
314.5903
313.8662
315.6476
304.2572
250.4919
244.1347
234.9423
225.8486
226.9887
237.2369
266.666
268.2165
279.9559
287.1928
298.4638
298.8399
285.9265
289.3219
259.7985
303.1446
240.5067
236.762
232.7007
266.4651
228.4187
202.0138
190.3387
165.3978
171.353
176.7229
155.4496
143.0063
144.3282
122.8649
97.8959
282.3999
232.055
289.6927
247.1975
234.2947
217.5154
199.8143
195.9651
199.9219
217.0517
286.2098
277.687
273.3501
269.4871
224.2469
265.6565
251.909
190.6169
191.2128
175.4547
183.6688
150.8334
118.8483
3.3596
15.3671
52.6169
3.0589
6.0902
0.8854
309.9189
233.4329
248.7919
246.6638
191.1768
227.9532
273.812
296.6687
16.0095
328.9954
307.4717
313.7558
323.2527
325.5261
338.7902
206.0303
222.852
202.3684
195.4039
203.783
199.1419
185.1053
164.8515
174.3875
173.3653
154.4378
151.3882
150.3074
212.4152
222.246
219.3303
197.4074
178.237
173.2218
304.5685
233.8575
300.3909
318.8884
331.399
324.2007
344.6198
17.8061
114.9709
179.6226
169.1137
165.8401
192.2292
186.6942
210.4379
218.5187
186.6801
266.0753
286.3796
271.4253
49.7937
55.9397
28.545
353.4891
5.6116
2.0083
347.3619
9.9951
331.9832
303.6723
321.0882
304.3365
329.8515
331.8031
323.3077
191.4819
211.9154
199.4861
218.9341
235.1975
243.2663
233.0012
216.1264
196.273
207.4483
275.4605
344.3513
302.1042
322.2957
325.6664
325.7508
327.4667
314.4194
313.5344
337.8226
9.5176
325.3794
335.4187
351.1913
348.0981
331.614
52.5012
21.8043
3.9992
342.5386
352.2557
32.8829
217.9981
214.0851
278.1131
264.3903
172.6499
92.9028
282.3351
287.5132
311.6393
310.1068
347.2576
301.8622
246.3631
273.0308
289.2875
279.311
306.7006
358.7151
339.7306
329.3183
330.6701
330.8387
1.9662
355.1042
4.975
14.263
155.0937
170.1147
278.9934
274.1972
244.2054
233.2887
193.8002
133.1268
306.1945
269.3845
301.8209
270.3105
232.2949
230.0932
249.9417
16.0572
352.3586
21.0567
295.9562
261.7745
287.0028
303.0773
302.7721
282.0504
329.3771
350.4848
36.528
36.552
37.5042
56.5935
327.8185
342.8637
336.0464
359.3912
197.8299
155.2685
161.0344
156.5919
154.5757
158.7663
248.2879
229.1185
275.0888
302.1124
310.2358
244.5668
208.1557
266.8406
312.3673
314.5752
318.5663
250.2633
20.106
351.5656
8.1621
325.7166
182.8937
113.7408
89.5497
159.3293
262.0688
221.9843
94.2873
187.3707
174.6882
239.5156
71.3872
303.3881
113.1592
0.227
184.3907
164.954
197.3562
62.9815
247.7034
93.9705
257.9732
188.2504
92.7352
324.3523
255.4827
168.3369
161.9795
97.8958
333.5099
139.5444
106.4872
269.4406
164.1544
114.1802
232.6906
127.4203
104.2458
163.0243
171.1164
109.4858
313.1945
335.3308
134.874
126.6897
118.9459
286.964
131.5437
282.558
248.9417
188.6882
141.6733
236.5287
224.0331
219.6379
135.5377
234.7506
277.3086
231.6233
248.7186
165.8204
341.0977
176.2831
240.8234
306.3747
182.5955
122.3465
41.9832
354.1547
345.9657
225.1458
26.5242
17.0788
274.5806
319.0522
252.8848
242.7623
203.2324
35.695
297.7506
165.6264
169.272
166.8941
20.4363
272.19
64.2399
13.5111
359.447
188.7289
4.4149
194.3252
196.3656
186.3662
186.6732
346.4266
303.0125
23.404
227.5389
35.1283
216.0536
277.1445
29.3875
343.3541
88.8769
246.3203
279.325
114.7111
214.5995
357.6088
356.6025
25.2109
354.3353
267.6645
28.5951
60.5866
15.0981
79.8579
24.0282
268.8778
126.5669
274.5588
120.2956
206.4229
327.2007
74.5325
28.8822
50.0614
204.619
224.9458
200.1046
181.4787
13.8129
244.0105
65.6273
2.0529
60.8162
153.0055
96.2215
284.4059
237.9747
54.2836
192.7118
182.5928
207.6916
259.2148
####
jh_coef
1
nmonths
12
2
0.012438457
0.0120655205
0.011147091
0.010239488
0.009420174
0.008563022
0.008513035
0.008328326
0.00835
0.00875
0.01045214
0.0118828025
####
ssr2gw_rate
1
one
1
2
0.1
####
runoff_units
1
one
1
1
0
####
precip_units
1
one
1
1
0
####
gwstor_min
1
one
1
2
0.0
####
imperv_stor_max
1
one
1
2
0.0
####
transp_beg
1
one
1
1
1
####
soil_moist_max
1
one
1
2
5.211
####
albset_sna
1
one
1
2
0.05
####
max_lapse
2
nlapse
nmonths
36
2
-0.0481479988
0.0
-0.196483999
0.0
0.0
-0.222296
-0.0708070025
0.0
-0.324137002
0.0
0.0
-0.465427995
-0.0721279979
-0.0827839971
-0.488725007
-0.103433996
-0.0771420002
-0.486337006
-0.0771389976
-0.0615589991
-0.457554996
-0.0779850036
-0.0520480014
-0.424659997
-0.0824410021
-0.0646369979
-0.425707012
0.0
0.0
-0.346919
-0.0450050011
0.0
-0.190520003
-0.0442680009
0.0
-0.167752996
####
parent_segment
1
nsegment
330
1
42
50
107
198
200
201
203
307
308
309
316
320
323
324
327
329
330
331
333
335
339
340
351
352
353
354
356
357
359
361
362
364
365
366
368
369
376
377
419
420
421
422
423
424
425
426
427
428
429
430
431
432
433
434
435
436
437
438
439
440
441
442
443
444
445
446
447
448
449
450
451
452
453
454
455
456
457
458
459
460
461
462
463
464
465
466
467
468
469
470
471
472
473
474
475
476
477
478
479
480
481
482
483
484
485
486
487
488
489
490
491
492
493
494
495
496
497
498
499
500
501
502
503
602
603
604
605
606
607
608
609
610
611
612
613
614
761
762
763
764
765
766
767
768
769
770
876
877
878
879
880
881
882
883
884
885
886
887
888
889
890
891
892
893
1024
1025
1026
1027
1028
1029
1030
1031
1032
1126
1127
1128
1129
1130
1131
1132
1133
1134
1135
1136
1137
1171
1172
1173
1174
1175
1176
1177
1208
1209
1210
1211
1212
1213
1214
1224
1225
1226
1227
1228
1229
1230
1231
1350
1351
1352
1353
1354
1355
1356
1357
1358
1456
1457
1458
1459
1460
1461
1478
1479
1480
1481
1482
1514
1515
1516
1517
1518
1519
1520
1562
1563
1564
1565
1566
1567
1568
1569
1570
1571
1572
1573
1574
1575
1576
1577
1578
1579
1580
1581
1601
1602
1603
1604
1605
1606
1607
1608
1609
1641
1642
1643
1644
1645
1646
1647
1648
1687
1688
1689
1723
1724
1725
1726
1727
1728
1729
1815
1816
1817
1818
1885
1886
1887
1888
1889
1890
1891
1892
1893
1894
1895
1896
1897
1898
1899
1900
1901
1902
1916
1917
1918
1919
1920
1934
1935
1936
1937
205
207
210
211
214
215
216
217
218
219
231
0
0
0
0
0
0
0
####
albset_snm
1
one
1
2
0.2
####
ccov_intcp
1
nmonths
12
2
1.83
1.83
1.83
1.83
1.83
1.83
1.83
1.83
1.83
1.83
1.83
1.83
####
parent_gw
1
ngw
426
1
1
2
3
4
5
6
7
8
9
10
11
12
13
14
15
16
17
18
19
20
21
22
23
24
25
26
27
28
29
30
31
32
33
34
35
36
37
38
39
40
41
42
43
44
45
46
47
48
49
50
51
52
53
54
55
56
57
58
59
60
61
62
63
64
65
66
67
68
69
70
71
72
73
74
75
76
77
78
79
80
81
82
83
84
85
86
87
88
89
90
91
92
93
218
219
220
221
222
223
224
225
226
227
228
229
230
382
383
384
385
386
387
388
389
390
501
502
503
504
505
506
507
508
509
510
511
512
513
514
515
516
517
518
653
654
655
656
657
658
659
660
753
754
755
756
757
758
759
760
761
762
763
764
801
802
803
804
805
806
807
808
840
841
842
843
844
845
846
856
857
858
859
860
861
862
863
864
865
866
981
982
983
984
985
986
987
988
989
1085
1086
1087
1088
1089
1090
1108
1109
1110
1111
1112
1113
1145
1146
1147
1148
1149
1150
1189
1190
1191
1192
1193
1194
1195
1196
1197
1198
1199
1200
1201
1202
1203
1204
1205
1206
1207
1208
1228
1229
1230
1231
1232
1233
1234
1235
1266
1267
1268
1269
1270
1271
1272
1309
1310
1311
1343
1344
1345
1346
1347
1348
1349
1350
1433
1434
1435
1436
1502
1503
1504
1505
1506
1507
1508
1509
1510
1511
1512
1513
1514
1515
1516
1517
1518
1532
1533
1534
1535
1536
1549
1550
1551
1552
2149
2174
2175
2176
2179
2180
2185
2191
2193
2200
2201
2202
2205
2212
2214
2219
2221
2224
2231
2232
2235
2236
2237
2242
2243
2254
2255
2257
2261
2262
2263
2270
2271
2280
2281
2284
2285
2286
2287
2291
2293
2309
2314
2316
2319
2322
2323
2330
2332
2334
2350
2352
2357
2360
2367
2373
2374
2377
2379
2380
2381
2382
2386
2387
2389
2390
2391
2392
2394
2395
2401
2402
2404
2408
2411
2412
2413
2414
2415
2416
2417
2419
2421
2425
2426
2430
2431
2432
2437
2438
2439
2440
2442
2443
2444
2445
2446
2447
2448
2449
2450
2451
2452
2453
2455
2456
2459
2463
2464
2466
2467
2469
2470
2472
2473
2474
2477
2478
2480
2482
2484
2485
2489
2491
2494
2496
2497
2498
2499
2503
2504
2505
2506
2507
2508
2509
2510
2520
2529
2536
2538
2547
2549
2554
####
smidx_coef
1
one
1
2
0.0010028288
####
hru_elev
1
nhru
426
2
617.0
658.0
686.0
739.0
897.0
1008.0
945.0
1128.0
1311.0
1522.0
1716.0
1941.0
2132.0
2324.0
2539.0
2736.0
2939.0
3212.0
3560.0
3964.0
4431.0
4619.0
4836.0
5029.0
5231.0
5439.0
5620.0
5800.0
733.0
847.0
1039.0
1253.0
1462.0
1634.0
1899.0
2057.0
2259.0
2461.0
2669.0
2864.0
3055.0
3259.0
3468.0
3673.0
3865.0
4084.0
4276.0
4468.0
4660.0
4881.0
5043.0
834.0
1001.0
1143.0
1424.0
1527.0
1816.0
1983.0
2177.0
2411.0
2590.0
2800.0
3019.0
3211.0
3427.0
3763.0
4311.0
4667.0
4868.0
5046.0
499.0
530.0
609.0
727.0
914.0
1126.0
1331.0
1548.0
1759.0
1965.0
2164.0
2367.0
2576.0
2788.0
2982.0
3194.0
3401.0
3619.0
3806.0
4019.0
4258.0
4421.0
4749.0
1002.0
1139.0
1256.0
1358.0
1541.0
1771.0
1915.0
2168.0
2355.0
2547.0
2751.0
2958.0
3196.0
968.0
1166.0
1291.0
1497.0
1715.0
1917.0
2131.0
2339.0
2532.0
457.0
477.0
517.0
600.0
819.0
1030.0
1202.0
1436.0
1619.0
1796.0
2042.0
2236.0
2540.0
3097.0
3379.0
3795.0
4272.0
4676.0
1131.0
1356.0
1343.0
1529.0
1694.0
1927.0
2083.0
2288.0
875.0
1027.0
1197.0
1276.0
1485.0
1670.0
1885.0
2106.0
2309.0
2522.0
2771.0
3207.0
1541.0
1608.0
1787.0
1966.0
2205.0
2375.0
2550.0
2748.0
1485.0
1617.0
1673.0
1944.0
2147.0
2354.0
2512.0
921.0
1015.0
1201.0
1385.0
1587.0
1821.0
1985.0
2207.0
2441.0
2620.0
2834.0
1245.0
1448.0
1624.0
1837.0
2059.0
2243.0
2448.0
2619.0
2835.0
1610.0
1728.0
1855.0
2089.0
2261.0
2451.0
1461.0
1539.0
1715.0
1919.0
2097.0
2406.0
1966.0
2038.0
2332.0
2499.0
2705.0
2977.0
1373.0
1543.0
1757.0
1975.0
2120.0
1150.0
1322.0
1353.0
1572.0
1806.0
1918.0
1694.0
1836.0
1995.0
2180.0
2362.0
1607.0
1765.0
1990.0
2172.0
1673.0
1775.0
2071.0
2283.0
2521.0
2749.0
2928.0
3149.0
1769.0
1885.0
1954.0
2130.0
2314.0
2519.0
2681.0
1516.0
1732.0
1894.0
1098.0
1230.0
1261.0
1441.0
1643.0
1816.0
2046.0
2262.0
1731.0
1916.0
2170.0
2346.0
1636.0
1806.0
1976.0
2146.0
1629.0
1784.0
1868.0
2012.0
2193.0
2378.0
1777.0
1954.0
2107.0
2319.0
2478.0
2768.0
2965.0
1719.0
1899.0
2084.0
2300.0
2509.0
1817.0
1952.0
2125.0
2318.0
2560.0
2287.0
2137.0
2838.0
2103.0
2067.0
2836.0
2845.0
3073.0
2098.0
3074.0
2976.0
2237.0
2842.0
2474.0
2148.0
1899.0
1646.0
2315.0
3304.0
1868.0
3118.0
2521.0
2243.0
1693.0
2745.0
2370.0
2306.0
2419.0
1696.0
2084.0
2250.0
2342.0
3184.0
3076.0
1681.0
1142.0
1793.0
2315.0
1553.0
2304.0
2205.0
603.0
2095.0
2342.0
2080.0
2681.0
1661.0
2197.0
731.0
1704.0
2643.0
1542.0
2440.0
2717.0
609.0
472.0
410.0
482.0
2581.0
2619.0
1584.0
1689.0
2069.0
2204.0
1659.0
1700.0
1048.0
634.0
373.0
386.0
1489.0
557.0
1286.0
1399.0
625.0
1504.0
1481.0
2398.0
1819.0
2138.0
1981.0
1203.0
1271.0
1770.0
1831.0
1856.0
2513.0
1980.0
1010.0
1573.0
1888.0
2029.0
2073.0
1711.0
1719.0
2038.0
2127.0
2316.0
2129.0
2066.0
1245.0
2238.0
2313.0
1976.0
2037.0
1594.0
2004.0
1984.0
2091.0
2256.0
955.0
2349.0
1363.0
1079.0
2286.0
2240.0
2269.0
2223.0
2052.0
2443.0
1900.0
2958.0
2744.0
1861.0
2498.0
2558.0
2579.0
2186.0
2840.0
3641.0
1718.0
2902.0
2827.0
1519.0
2807.0
2216.0
2719.0
3093.0
2920.0
2298.0
2704.0
2287.0
2604.0
####
stage_coef
1
one
1
2
0.2
####
ssr2gw_exp
1
one
1
2
1.0
####
slowcoef_sq
1
one
1
2
0.05
####
ppt_rad_adj
1
one
1
2
0.02
####
cecn_coef
1
one
1
2
5.0
####
tsta_month_min
1
nmonths
12
2
-6.00935125
0.157985672
7.68339443
20.853054
24.7711754
33.9261284
39.388401
37.6189957
27.5586777
15.7219753
2.53633714
-4.99863195
####
psta_elev
1
nrain
9
2
490.727997
1051.56006
1237.48804
487.679993
488.0
469.399994
381.0
458.100006
24.1000004
####
print_freq
1
one
1
1
3
####
tsta_elev
1
ntemp
7
2
490.727997
488.0
469.399994
381.0
458.100006
24.1000004
487.700012
####
cov_type
1
nhru
426
1
0
3
3
3
3
3
0
0
0
0
0
0
0
0
0
0
0
0
0
0
0
0
0
0
0
0
0
0
0
0
0
0
0
0
0
0
0
0
0
0
0
0
0
1
0
0
0
0
0
0
0
0
0
0
0
0
0
0
0
0
0
0
0
0
0
0
0
0
0
0
0
3
0
0
0
0
0
0
0
0
0
0
0
0
0
0
0
0
0
0
0
0
0
2
2
0
0
0
0
0
0
0
0
0
0
0
2
2
0
0
0
0
0
0
0
0
0
0
0
0
0
0
0
0
0
0
0
0
0
0
0
0
0
0
0
0
0
0
0
0
0
0
0
0
0
0
0
0
0
0
0
0
0
0
0
0
0
0
0
0
0
0
0
0
0
0
0
0
3
0
0
0
0
0
0
0
0
0
0
0
0
0
0
0
0
0
0
0
0
0
0
0
0
0
0
0
0
0
0
0
0
0
0
0
0
0
0
0
0
0
0
0
0
0
0
0
0
0
0
0
0
0
0
0
0
0
0
0
0
0
0
0
0
0
0
0
0
0
0
0
0
0
0
0
0
0
0
0
0
0
0
0
0
0
0
0
0
0
0
0
0
0
0
0
0
0
0
0
0
0
0
0
0
0
0
0
0
0
0
0
0
0
0
0
0
1
0
0
0
0
1
0
0
1
0
0
0
0
2
2
0
1
2
1
0
0
2
1
0
0
0
2
0
2
2
1
1
2
2
2
0
2
1
0
0
0
0
0
1
3
0
3
2
0
2
1
1
3
3
0
3
0
0
2
3
0
2
2
2
3
3
3
3
3
0
2
3
3
2
3
0
0
0
0
3
3
0
0
2
0
0
0
2
2
0
2
0
0
0
0
0
0
0
3
0
0
0
0
2
0
0
0
1
2
1
2
3
0
0
1
0
0
0
0
1
1
0
0
0
0
0
0
1
0
1
1
2
1
0
0
1
1
0
0
0
0
####
albset_rna
1
one
1
2
0.8
####
glacr_freeh2o_cap
1
one
1
2
0.002
####
albset_rnm
1
one
1
2
0.6
####
stor_snow
1
nmonths
12
2
80.0
80.0
80.0
80.0
80.0
80.0
80.0
80.0
80.0
80.0
80.0
80.0
####
snow_intcp
1
nhru
426
2
0.0016
0.0127
0.0185
0.0246
0.0552
0.0364
0.0
0.0
0.0
2.0E-4
1.0E-4
0.0
0.0
0.0
0.0
0.0
0.0
0.0
0.0
0.0
0.0
0.0
0.0
0.0
0.0
0.0
0.0
0.0
0.0082
0.0
0.0
0.0
0.0
0.0
0.0
0.0
0.0
0.0
0.0
0.0
0.0
0.0
0.0
0.0
0.0
0.0
0.0
0.0
0.0
0.0
0.0
0.016
0.0
0.0
0.0
0.0
0.0
0.0
0.0
0.0
0.0
0.0
0.0
0.0
0.0
0.0
0.0
0.0
0.0
0.0
0.0016
0.0159
0.0155
0.0
0.0
0.0
0.0
0.0
0.0
0.0
0.0
0.0
0.0
0.0
0.0
0.0
0.0
0.0
0.0
0.0
0.0
0.0
0.0
0.0182
0.0157
0.0096
0.0
3.0E-4
1.0E-4
0.0
0.0
0.0
0.0
0.0
0.0
0.0
0.0255
0.0072
0.0
0.0
0.0
0.0
0.0
0.0
0.0
0.001
0.0058
0.057
0.0
5.0E-4
5.0E-4
0.0
0.0
0.0
0.0
0.0
0.0
0.0
0.0
0.0
0.0
0.0
0.0
0.002
0.0038
0.0
0.0
0.0
0.0
0.0
0.0
0.003
0.0018
0.0
0.0
0.0
0.0
0.0
0.0
0.0
0.0
0.0
0.0
0.0
0.0
0.0
0.0
0.0
0.0
0.0
0.0
0.0
0.0
0.0
0.0
0.0
0.0
0.0
0.063
0.0424
0.0
0.0
0.0
0.0
0.0
0.0
0.0
0.0
0.0
0.0028
0.0
0.0
0.0
0.0
0.0
0.0
0.0
0.0
0.0
0.0
0.0
0.0
0.0
0.0
0.0
0.0
0.0
0.0
0.0
0.0
0.0
0.0
0.0
0.0
0.0
0.0
3.0E-4
0.0
0.0
0.0
0.0
0.0
0.0
0.0
0.0
0.0
0.0
0.0
0.0
0.0
0.0
0.0
0.0
0.0
0.0
0.0
0.0
0.0
0.0
0.0
0.0
0.0
0.0
0.0
0.0
0.0
0.0
0.0
0.0
0.0
0.0
0.0
0.0
0.0
6.0E-4
9.0E-4
0.0
0.0
0.0
0.0
0.0
0.0
0.0
0.0
0.0
0.0
0.0
0.0
0.0
0.0
5.0E-4
0.0
0.0
0.0
0.0
0.0
0.0
0.0
0.0
0.0
0.0
0.0
0.0
0.0
0.0
0.0
0.0
0.0
0.0
0.0
0.0
0.0
0.0
0.001
5.0E-4
0.0
1.0E-4
0.0031
0.0
0.0
0.0
0.0
0.0
0.0
2.0E-4
0.0
0.0
0.0
0.0103
0.0159
1.0E-4
0.0
0.0076
0.0
0.0
0.0
0.0168
0.0
0.0022
4.0E-4
0.0
0.0079
0.0
0.0019
0.0051
0.0
0.0
0.0113
0.0454
0.0114
0.0
0.0142
0.0
0.0
0.004
9.0E-4
8.0E-4
8.0E-4
0.0
0.0152
1.0E-4
0.049
0.0061
0.0
0.0167
0.0
0.0
0.0336
0.0223
0.0053
0.0273
0.0
0.0
0.0186
0.0096
0.0017
0.0
0.008
0.0123
0.0353
0.0614
0.0138
0.0578
0.0201
0.0
0.0155
0.0323
0.0156
0.0235
0.0244
0.0
0.0037
0.0
0.0
0.0359
0.0106
0.0022
0.0021
5.0E-4
0.0
0.0
0.0024
0.0114
0.0029
0.0
2.0E-4
0.0015
1.0E-4
2.0E-4
2.0E-4
0.0
0.0
1.0E-4
0.0091
0.0
0.0
2.0E-4
4.0E-4
0.0167
0.0
0.0
0.0
0.0
0.0358
0.0
0.0212
0.0343
0.0
0.0
0.0
0.0
0.0
0.0
0.0023
0.0
0.0
3.0E-4
0.0
0.0
0.0
0.0
0.0
0.0
0.004
0.0
0.0
0.0068
0.0
1.0E-4
0.0
0.0
0.0
0.0
0.0
0.0
0.0
####
transp_end
1
one
1
1
13
####
srain_intcp
1
nhru
426
2
0.001
0.007
0.0116
0.0147
0.0282
0.0224
0.0
0.0
0.0
2.0E-4
1.0E-4
0.0
0.0
0.0
0.0
0.0
0.0
0.0
0.0
0.0
0.0
0.0
0.0
0.0
0.0
0.0
0.0
0.0
0.0049
0.0
0.0
0.0
0.0
0.0
0.0
0.0
0.0
0.0
0.0
0.0
0.0
0.0
0.0
0.0
0.0
0.0
0.0
0.0
0.0
0.0
0.0
0.0114
0.0
0.0
0.0
0.0
0.0
0.0
0.0
0.0
0.0
0.0
0.0
0.0
0.0
0.0
0.0
0.0
0.0
0.0
8.0E-4
0.0084
0.0082
0.0
0.0
0.0
0.0
0.0
0.0
0.0
0.0
0.0
0.0
0.0
0.0
0.0
0.0
0.0
0.0
0.0
0.0
0.0
0.0
0.0143
0.0157
0.0096
0.0
3.0E-4
1.0E-4
0.0
0.0
0.0
0.0
0.0
0.0
0.0
0.0206
0.0072
0.0
0.0
0.0
0.0
0.0
0.0
0.0
5.0E-4
0.0031
0.029
0.0
3.0E-4
5.0E-4
0.0
0.0
0.0
0.0
0.0
0.0
0.0
0.0
0.0
0.0
0.0
0.0
0.002
0.0038
0.0
0.0
0.0
0.0
0.0
0.0
0.003
0.0018
0.0
0.0
0.0
0.0
0.0
0.0
0.0
0.0
0.0
0.0
0.0
0.0
0.0
0.0
0.0
0.0
0.0
0.0
0.0
0.0
0.0
0.0
0.0
0.0
0.0
0.0371
0.0256
0.0
0.0
0.0
0.0
0.0
0.0
0.0
0.0
0.0
0.0028
0.0
0.0
0.0
0.0
0.0
0.0
0.0
0.0
0.0
0.0
0.0
0.0
0.0
0.0
0.0
0.0
0.0
0.0
0.0
0.0
0.0
0.0
0.0
0.0
0.0
0.0
3.0E-4
0.0
0.0
0.0
0.0
0.0
0.0
0.0
0.0
0.0
0.0
0.0
0.0
0.0
0.0
0.0
0.0
0.0
0.0
0.0
0.0
0.0
0.0
0.0
0.0
0.0
0.0
0.0
0.0
0.0
0.0
0.0
0.0
0.0
0.0
0.0
0.0
0.0
6.0E-4
9.0E-4
0.0
0.0
0.0
0.0
0.0
0.0
0.0
0.0
0.0
0.0
0.0
0.0
0.0
0.0
5.0E-4
0.0
0.0
0.0
0.0
0.0
0.0
0.0
0.0
0.0
0.0
0.0
0.0
0.0
0.0
0.0
0.0
0.0
0.0
0.0
0.0
0.0
0.0
0.001
5.0E-4
0.0
1.0E-4
0.0031
0.0
0.0
0.0
0.0
0.0
0.0
2.0E-4
0.0
0.0
0.0
0.0103
0.0153
1.0E-4
0.0
0.0063
0.0
0.0
0.0
0.0139
0.0
0.0022
4.0E-4
0.0
0.0063
0.0
0.0019
0.0051
0.0
0.0
0.0109
0.0396
0.0104
0.0
0.0142
0.0
0.0
0.0024
9.0E-4
8.0E-4
8.0E-4
0.0
0.0086
1.0E-4
0.0323
0.0061
0.0
0.0117
0.0
0.0
0.0186
0.0112
0.0028
0.0138
0.0
0.0
0.0148
0.0064
0.0017
0.0
0.008
0.0086
0.0194
0.0318
0.0092
0.0299
0.0115
0.0
0.0111
0.0212
0.0089
0.0224
0.0166
0.0
0.0037
0.0
0.0
0.0185
0.0063
0.0015
0.0013
5.0E-4
0.0
0.0
0.0024
0.0114
0.0029
0.0
2.0E-4
0.0015
1.0E-4
2.0E-4
2.0E-4
0.0
0.0
1.0E-4
0.0058
0.0
0.0
2.0E-4
4.0E-4
0.0143
0.0
0.0
0.0
0.0
0.0267
0.0
0.0176
0.022
0.0
0.0
0.0
0.0
0.0
0.0
0.0023
0.0
0.0
3.0E-4
0.0
0.0
0.0
0.0
0.0
0.0
0.0038
0.0
0.0
0.0065
0.0
1.0E-4
0.0
0.0
0.0
0.0
0.0
0.0
0.0
####
soil2gw_max
1
one
1
2
0.0
####
outlet_sta
1
one
1
1
1
####
snarea_thresh
1
nhru
426
2
9.495
10.155
10.62
11.485
14.085
15.905
14.865
17.865
20.88
24.34
27.515
31.205
34.335
37.485
41.015
44.25
47.585
52.06
57.77
64.39
72.05
75.14
78.705
81.875
85.185
88.59
91.56
94.52
11.395
13.26
16.405
19.92
23.36
26.175
30.51
33.11
36.415
39.745
43.155
46.355
49.485
52.83
56.265
59.615
62.775
66.365
69.51
72.66
75.815
79.435
82.1
13.05
15.79
18.115
22.73
24.415
29.15
31.89
35.07
38.915
41.845
45.3
48.885
52.04
55.59
61.105
70.08
75.925
79.22
82.155
7.555
8.06
9.355
11.29
14.36
17.845
21.21
24.765
28.225
31.6
34.87
38.195
41.63
45.105
48.295
51.755
55.155
58.74
61.805
65.29
69.225
71.89
77.28
15.81
18.045
19.98
21.64
24.645
28.415
30.785
34.93
38.005
41.15
44.49
47.9
51.795
15.245
18.495
20.54
23.925
27.49
30.815
34.33
37.74
40.91
6.87
7.185
7.85
9.215
12.8
16.265
19.09
22.925
25.925
28.825
32.865
36.055
41.03
50.17
54.795
61.62
69.445
76.07
17.92
21.615
21.4
24.45
27.165
30.985
33.545
36.895
13.725
16.205
19.005
20.305
23.73
26.76
30.28
33.92
37.245
40.74
44.83
51.975
24.645
25.74
28.675
31.625
35.54
38.325
41.19
44.44
23.73
25.895
26.81
31.25
34.58
37.99
40.575
14.47
16.02
19.075
22.085
25.405
29.24
31.935
35.57
39.405
42.35
45.855
19.785
23.11
26.015
29.495
33.145
36.165
39.53
42.335
45.875
25.77
27.715
29.79
33.63
36.46
39.565
23.33
24.615
27.505
30.85
33.775
38.84
31.615
32.8
37.625
40.36
43.74
48.205
21.885
24.685
28.185
31.76
34.145
18.235
21.045
21.56
25.155
29.0
30.83
27.155
29.48
32.095
35.135
38.11
25.725
28.315
32.015
34.995
26.81
28.485
33.345
36.81
40.725
44.465
47.405
51.03
28.395
30.285
31.415
34.305
37.33
40.685
43.35
24.235
27.775
30.445
17.38
19.54
20.05
23.005
26.31
29.16
32.93
36.465
27.76
30.8
34.965
37.855
26.21
28.99
31.785
34.57
26.095
28.64
30.015
32.365
35.345
38.375
28.525
31.415
33.935
37.415
40.025
44.78
48.005
27.565
30.525
33.55
37.105
40.535
29.17
31.385
34.225
37.385
41.36
36.89
34.43
45.925
33.875
33.275
45.89
46.04
49.775
33.79
49.795
48.195
36.07
45.985
39.955
34.605
30.525
26.37
37.335
53.56
30.015
50.51
40.72
36.155
27.14
44.39
38.24
37.195
39.055
27.185
33.55
36.28
37.79
51.595
49.82
26.95
18.095
28.78
37.35
24.845
37.16
35.545
9.255
33.73
37.78
33.49
43.355
26.61
35.405
11.36
27.325
42.72
24.66
39.395
43.94
9.355
7.11
6.1
7.27
41.705
42.34
25.36
27.075
33.305
35.525
26.585
27.26
16.555
9.765
5.495
5.695
23.785
8.5
20.46
22.32
9.625
24.04
23.655
38.71
29.215
34.44
31.865
19.095
20.215
28.4
29.4
29.82
40.59
31.845
15.94
25.17
30.335
32.655
33.37
27.44
27.575
32.795
34.255
37.355
34.295
33.26
19.785
36.075
37.315
31.79
32.775
25.51
32.24
31.91
33.675
36.38
15.03
37.895
21.73
17.075
36.86
36.115
36.585
35.83
33.035
39.44
30.535
47.89
44.385
29.895
40.34
41.33
41.67
35.225
45.965
59.095
27.555
46.97
45.74
24.285
45.415
35.725
43.975
50.11
47.275
37.065
43.72
36.88
42.085
####
hru_deplcrv
1
nhru
426
1
1
1
1
1
1
1
1
1
1
1
1
1
1
1
1
1
1
1
2
2
2
2
2
2
2
2
2
2
1
1
1
1
1
1
1
1
1
1
1
1
1
1
1
2
2
2
2
2
2
2
2
1
1
1
1
1
1
1
1
1
1
1
1
1
1
2
2
2
2
2
1
1
1
1
1
1
1
1
1
1
1
1
1
1
1
1
1
2
2
2
2
2
2
1
1
1
1
1
1
1
1
1
1
1
1
1
1
1
1
1
1
1
1
1
1
1
1
1
1
1
1
1
1
1
1
1
1
1
1
1
2
2
2
1
1
1
1
1
1
1
1
1
1
1
1
1
1
1
1
1
1
1
1
1
1
1
1
1
1
1
1
1
1
1
1
1
1
1
1
1
1
1
1
1
1
1
1
1
1
1
1
1
1
1
1
1
1
1
1
1
1
1
1
1
1
1
1
1
1
1
1
1
1
1
1
1
1
1
1
1
1
1
1
1
1
1
1
1
1
1
1
1
1
1
1
1
1
1
1
1
1
1
1
1
1
1
1
1
1
1
1
1
1
1
1
1
1
1
1
1
1
1
1
1
1
1
1
1
1
1
1
1
1
1
1
1
1
1
1
1
1
1
1
1
1
1
1
1
1
1
1
1
1
1
1
1
1
1
1
1
1
1
1
1
1
1
1
1
1
1
1
1
1
1
1
1
1
1
1
1
1
1
1
1
1
1
1
1
1
1
1
1
1
1
1
1
1
1
1
1
1
1
1
1
1
1
1
1
1
1
1
1
1
1
1
1
1
1
1
1
1
1
1
1
1
1
1
1
1
1
1
1
1
1
1
1
1
1
1
1
1
1
1
1
1
1
1
1
1
1
1
1
1
1
1
1
1
1
1
1
1
1
1
1
1
1
1
1
1
1
1
1
1
1
1
1
1
1
1
1
1
1
2
1
1
1
1
1
1
1
1
1
1
1
1
1
####
hru_length
1
nhru
426
2
4.9
4.2
5.2
5.2
4.6
4.2
0.5
9.2
11.0
11.1
8.7
17.0
10.4
5.3303595
1.8451245
0.20501383
0.2
0.4
0.2
0.6
0.1
0.4
0.5
1.6
1.8
0.5
0.1
1.8
6.2
12.2
7.2
7.7
8.2
3.1
4.1
2.4
3.4
1.5
0.2
0.1
0.2
2.3
2.6
2.6
2.2
1.7
0.8
1.5
0.4
0.6
0.6
10.3
0.3
9.1
16.4
11.6
7.6
10.6
6.9
4.2
4.5
1.7
1.4
0.8
1.0
1.7
2.8
6.9
6.9
6.9
7.1
3.6
2.4
2.7
5.3
5.0
5.9
5.1
6.6
2.0
1.1
1.0
0.9
1.4
0.8
0.8
0.4
0.2
1.5
1.2
0.4
0.4
2.5
5.0
0.9
0.7
3.1
5.9
7.8
10.5
5.7
6.2
2.6
0.8
0.8
0.8
3.5
1.8
1.2
4.3
5.6
4.5
3.5
3.5
0.9
6.1
1.0
2.5
0.4
3.4
5.1
5.3
4.1
4.2
1.6
0.6
0.4
1.2
1.6
1.4
1.4
0.5
0.5
2.9
0.7
2.6
3.5
1.1
2.2
2.1
0.2
1.6
1.2
0.3
2.0
2.9
2.6
2.3
1.9
1.3
0.4
1.0
0.4
1.2
3.0
2.2
1.4
1.9
1.9
0.5
1.9
2.2
0.7
1.2
1.6
1.2
2.5
0.6
3.9
0.4
1.4
2.1
2.7
2.7
2.0
1.3
3.9
3.9
3.9
1.3
1.2
2.2
2.0
1.6
2.0
2.0
0.8
2.0
1.9
0.4
1.9
2.5
1.8
0.2
0.9
1.3
2.2
1.9
0.9
0.9
1.0
1.5
2.1
1.9
0.6
0.7
1.6
1.6
1.6
2.2
0.7
1.3
0.5
1.0
1.6
2.0
1.0
1.6
1.1
1.9
1.4
1.6
1.6
1.9
2.3
1.1
0.9
0.9
1.7
1.0
0.9
1.1
0.7
0.9
1.5
0.2
1.2
2.2
0.5
1.1
0.5
1.5
1.8
3.7
1.5
0.4
1.4
1.8
1.5
0.6
0.1
1.5
1.4
1.4
1.4
1.7
1.7
1.4
2.1
0.9
1.5
0.3
1.5
1.9
0.6
0.4
1.4
1.5
1.0
0.3
0.3
0.3
1.2
1.5
1.3
1.7
0.5
0.4
1.6
1.5
2.2
0.7
0.0
0.0
0.0
0.0
0.0
0.0
0.0
0.0
0.0
0.0
0.0
0.0
0.0
0.0
0.0
0.0
0.0
0.0
0.0
0.0
0.0
0.0
0.0
0.0
0.0
0.0
0.0
0.0
0.0
0.0
0.0
0.0
0.0
0.0
0.0
0.0
0.0
0.0
0.0
0.0
0.0
0.0
0.0
0.0
0.0
0.0
0.0
0.0
0.0
0.0
0.0
0.0
0.0
0.0
0.0
0.0
0.0
0.0
0.0
0.0
0.0
0.0
0.0
0.0
0.0
0.0
0.0
0.0
0.0
0.0
0.0
0.0
0.0
0.0
0.0
0.0
0.0
0.0
0.0
0.0
0.0
0.0
0.0
0.0
0.0
0.0
0.0
0.0
0.0
0.0
0.0
0.0
0.0
0.0
0.0
0.0
0.0
0.0
0.0
0.0
0.0
0.0
0.0
0.0
0.0
0.0
0.0
0.0
0.0
0.0
0.0
0.0
0.0
0.0
0.0
0.0
0.0
0.0
0.0
0.0
0.0
0.0
0.0
0.0
0.0
0.0
0.0
0.0
0.0
0.0
0.0
0.0
0.0
0.0
0.0
0.0
0.0
0.0
0.0
0.0
0.0
0.0
0.0
0.0
####
soil_type
1
nhru
426
1
2
2
2
2
2
2
2
2
2
2
2
2
2
2
2
2
2
2
2
2
2
2
2
2
2
2
2
2
2
2
2
2
2
2
2
2
2
2
2
2
2
2
2
2
2
2
2
2
2
2
2
2
2
2
2
2
2
2
2
2
2
2
2
2
2
2
2
2
2
2
2
2
2
2
2
2
2
2
2
2
2
2
2
2
2
2
2
2
2
2
2
2
2
2
2
2
2
2
2
2
2
2
2
2
2
2
2
2
2
2
2
2
2
2
2
2
2
2
2
2
2
2
2
2
2
2
2
2
2
2
2
2
2
2
2
2
2
2
2
2
2
2
2
2
2
2
2
2
2
2
2
2
2
2
2
2
2
2
2
2
2
2
2
2
2
2
2
2
2
2
2
2
2
2
2
2
2
2
2
2
2
2
2
2
2
2
2
2
2
2
2
2
2
2
2
2
2
2
2
2
2
2
2
2
2
2
2
2
2
2
2
2
2
2
2
2
2
2
2
2
2
2
2
2
2
2
2
2
2
2
2
2
2
2
2
2
2
2
2
2
2
2
2
2
2
2
2
2
2
2
2
2
2
2
2
2
2
2
2
2
2
2
2
2
2
2
2
2
2
2
2
2
2
2
2
2
2
2
2
2
2
2
2
2
2
2
2
2
2
2
2
2
2
2
2
2
2
2
2
2
2
2
2
2
2
2
2
2
2
2
2
2
2
2
2
2
2
2
2
2
2
2
2
2
2
2
2
2
2
2
2
2
2
2
2
2
2
2
2
2
2
2
2
2
2
2
2
2
2
2
2
2
2
2
2
2
2
2
2
2
2
2
2
2
2
2
2
2
2
2
2
2
2
2
2
2
2
2
2
2
2
2
2
2
2
2
2
2
2
2
2
2
2
2
2
2
2
2
2
2
2
2
2
2
2
2
2
2
2
2
2
2
2
2
2
2
2
2
2
2
2
2
2
2
2
2
####
parent_ssr
1
nssr
426
1
1
2
3
4
5
6
7
8
9
10
11
12
13
14
15
16
17
18
19
20
21
22
23
24
25
26
27
28
29
30
31
32
33
34
35
36
37
38
39
40
41
42
43
44
45
46
47
48
49
50
51
52
53
54
55
56
57
58
59
60
61
62
63
64
65
66
67
68
69
70
71
72
73
74
75
76
77
78
79
80
81
82
83
84
85
86
87
88
89
90
91
92
93
218
219
220
221
222
223
224
225
226
227
228
229
230
382
383
384
385
386
387
388
389
390
501
502
503
504
505
506
507
508
509
510
511
512
513
514
515
516
517
518
653
654
655
656
657
658
659
660
753
754
755
756
757
758
759
760
761
762
763
764
801
802
803
804
805
806
807
808
840
841
842
843
844
845
846
856
857
858
859
860
861
862
863
864
865
866
981
982
983
984
985
986
987
988
989
1085
1086
1087
1088
1089
1090
1108
1109
1110
1111
1112
1113
1145
1146
1147
1148
1149
1150
1189
1190
1191
1192
1193
1194
1195
1196
1197
1198
1199
1200
1201
1202
1203
1204
1205
1206
1207
1208
1228
1229
1230
1231
1232
1233
1234
1235
1266
1267
1268
1269
1270
1271
1272
1309
1310
1311
1343
1344
1345
1346
1347
1348
1349
1350
1433
1434
1435
1436
1502
1503
1504
1505
1506
1507
1508
1509
1510
1511
1512
1513
1514
1515
1516
1517
1518
1532
1533
1534
1535
1536
1549
1550
1551
1552
2149
2174
2175
2176
2179
2180
2185
2191
2193
2200
2201
2202
2205
2212
2214
2219
2221
2224
2231
2232
2235
2236
2237
2242
2243
2254
2255
2257
2261
2262
2263
2270
2271
2280
2281
2284
2285
2286
2287
2291
2293
2309
2314
2316
2319
2322
2323
2330
2332
2334
2350
2352
2357
2360
2367
2373
2374
2377
2379
2380
2381
2382
2386
2387
2389
2390
2391
2392
2394
2395
2401
2402
2404
2408
2411
2412
2413
2414
2415
2416
2417
2419
2421
2425
2426
2430
2431
2432
2437
2438
2439
2440
2442
2443
2444
2445
2446
2447
2448
2449
2450
2451
2452
2453
2455
2456
2459
2463
2464
2466
2467
2469
2470
2472
2473
2474
2477
2478
2480
2482
2484
2485
2489
2491
2494
2496
2497
2498
2499
2503
2504
2505
2506
2507
2508
2509
2510
2520
2529
2536
2538
2547
2549
2554
####
min_lapse
2
nlapse
nmonths
36
2
-0.0481479988
0.0
-0.196483999
0.0
0.0
-0.222296
-0.0708070025
0.0
-0.324137002
0.0
0.0
-0.465427995
-0.0721279979
-0.0827839971
-0.488725007
-0.103433996
-0.0771420002
-0.486337006
-0.0771389976
-0.0615589991
-0.457554996
-0.0779850036
-0.0520480014
-0.424659997
-0.0824410021
-0.0646369979
-0.425707012
0.0
0.0
-0.346919
-0.0450050011
0.0
-0.190520003
-0.0442680009
0.0
-0.167752996
####
poi_gage_segment
1
npoigages
1
1
324
####
soil_moist_init
1
one
1
2
3.0
####
melt_force
1
one
1
1
140
####
solrad_elev
1
one
1
2
0.0
####
hru_slope
1
nhru
426
2
0.0197
0.0783
0.1572
0.2476
0.3831
0.4092
0.08
0.0368
0.0429
0.0399
0.057
0.0543
0.1061
0.145
0.2946
0.4426
0.5886
0.7519
0.8931
0.8779
0.6237
0.3931
0.4391
0.3462
0.2985
0.3288
0.3716
0.3646
0.0762
0.0378
0.0595
0.044
0.0711
0.1205
0.1341
0.23
0.2928
0.351
0.4181
0.4709
0.4985
0.5321
0.6016
0.6114
0.5917
0.5105
0.4574
0.5268
0.4583
0.4483
0.3982
0.1319
0.0498
0.0443
0.0304
0.0462
0.0541
0.0535
0.0849
0.1799
0.278
0.3469
0.3922
0.4731
0.5377
0.6456
0.5922
0.4904
0.6791
0.5379
0.0198
0.0541
0.1081
0.0626
0.041
0.0475
0.0608
0.073
0.0954
0.1603
0.2485
0.3747
0.4629
0.4758
0.4193
0.5468
0.6018
0.6026
0.4269
0.5262
0.5805
0.3744
0.583
0.21
0.259
0.2904
0.0531
0.0542
0.0697
0.0968
0.1611
0.1746
0.3182
0.3932
0.4715
0.5192
0.1969
0.2893
0.077
0.0644
0.0754
0.1124
0.2238
0.2528
0.4444
0.0199
0.022
0.0862
0.092
0.075
0.0607
0.0576
0.0689
0.1013
0.3116
0.4705
0.3901
0.7973
0.5198
0.653
0.7838
0.9149
0.6964
0.2122
0.4374
0.0709
0.0893
0.1883
0.2669
0.2772
0.625
0.1203
0.2794
0.3092
0.1172
0.0924
0.1266
0.1832
0.2634
0.409
0.604
0.7279
0.809
0.1965
0.0569
0.1302
0.2375
0.2033
0.2933
0.5225
0.6216
0.3098
0.2653
0.1346
0.1409
0.1567
0.1938
0.2784
0.3155
0.309
0.1248
0.0913
0.0829
0.1356
0.2738
0.4681
0.6111
0.5061
0.7769
0.2347
0.1438
0.2666
0.2849
0.3044
0.3771
0.4423
0.6076
0.5528
0.2299
0.216
0.1034
0.1489
0.2745
0.4005
0.2032
0.1081
0.137
0.2172
0.3357
0.6782
0.2099
0.157
0.2407
0.2145
0.2667
0.3631
0.3698
0.1286
0.2358
0.1809
0.262
0.2395
0.3444
0.1135
0.2211
0.1801
0.2522
0.2834
0.1234
0.1923
0.2645
0.4905
0.2156
0.121
0.213
0.3503
0.1816
0.2676
0.2748
0.4636
0.4082
0.5213
0.3819
0.3488
0.3086
0.413
0.1411
0.2425
0.451
0.3906
0.5169
0.2407
0.1244
0.1079
0.2495
0.3625
0.1184
0.2298
0.3656
0.5364
0.6768
0.6106
0.2713
0.1651
0.265
0.2745
0.2617
0.1021
0.1498
0.314
0.2431
0.2947
0.1042
0.178
0.433
0.592
0.2421
0.117
0.2901
0.531
0.5152
0.5898
0.4567
0.2644
0.2376
0.3235
0.5096
0.4588
0.2732
0.109
0.2071
0.3509
0.7967
0.9459
0.6894
0.7392
0.8443
0.6203
0.9856
0.8105
0.6666
0.6616
1.0136
0.6534
0.6919
0.9973
0.6171
0.6828
0.5553
0.389
0.8441
0.8353
0.4739
0.5986
0.704
0.5437
0.4958
0.6744
0.7152
0.7188
0.7487
0.406
0.6534
0.691
0.5412
0.5904
0.4107
0.5386
0.3001
0.4591
0.5278
0.6818
0.6503
0.696
0.1023
0.6773
0.7741
0.6429
0.4948
0.515
0.7608
0.2028
0.6862
0.4623
0.4181
0.4114
0.5628
0.2001
0.0429
0.0106
0.0653
0.4156
0.4566
0.4677
0.4574
0.6344
0.5813
0.7243
0.4248
0.379
0.2099
0.0127
0.0137
0.4228
0.0122
0.4023
0.3365
0.0399
0.3401
0.3937
0.3965
0.6495
0.3439
0.3232
0.5472
0.626
0.6078
0.5661
0.5394
0.4397
0.4097
0.1517
0.5008
0.4965
0.4721
0.4311
0.4284
0.5052
0.5146
0.6076
0.3529
0.3061
0.4948
0.4671
0.658
0.7722
0.5624
0.5695
0.4627
0.2109
0.1684
0.4482
0.3894
0.3827
0.4136
0.5055
0.3846
0.4228
0.6042
0.4718
0.6562
0.507
0.6258
0.59
0.8018
0.5331
0.6543
0.8148
0.6776
0.3828
0.5292
0.7806
0.8671
0.5725
0.7115
0.7254
0.484
0.705
0.6594
0.577
0.7753
0.6735
0.7048
0.5915
0.6625
0.3752
####
obsin_segment
1
nsegment
330
1
0
0
0
0
0
0
0
0
0
0
0
0
0
0
0
0
0
0
0
0
0
0
0
0
0
0
0
0
0
0
0
0
0
0
0
0
0
0
0
0
0
0
0
0
0
0
0
0
0
0
0
0
0
0
0
0
0
0
0
0
0
0
0
0
0
0
0
0
0
0
0
0
0
0
0
0
0
0
0
0
0
0
0
0
0
0
0
0
0
0
0
0
0
0
0
0
0
0
0
0
0
0
0
0
0
0
0
0
0
0
0
0
0
0
0
0
0
0
0
0
0
0
0
0
0
0
0
0
0
0
0
0
0
0
0
0
0
0
0
0
0
0
0
0
0
0
0
0
0
0
0
0
0
0
0
0
0
0
0
0
0
0
0
0
0
0
0
0
0
0
0
0
0
0
0
0
0
0
0
0
0
0
0
0
0
0
0
0
0
0
0
0
0
0
0
0
0
0
0
0
0
0
0
0
0
0
0
0
0
0
0
0
0
0
0
0
0
0
0
0
0
0
0
0
0
0
0
0
0
0
0
0
0
0
0
0
0
0
0
0
0
0
0
0
0
0
0
0
0
0
0
0
0
0
0
0
0
0
0
0
0
0
0
0
0
0
0
0
0
0
0
0
0
0
0
0
0
0
0
0
0
0
0
0
0
0
0
0
0
0
0
0
0
0
0
0
0
0
0
0
0
0
0
0
0
0
0
0
0
0
0
0
0
0
0
0
0
0
0
0
0
0
0
0
24
25
26
27
28
29
####
max_gldepth
1
one
1
2
1.5
####
potet_sublim
1
one
1
2
0.27406618
####
tstorm_mo
1
nmonths
12
1
0
0
0
0
1
1
1
1
1
0
0
0
####
radmax
1
one
1
2
0.8
####
crad_exp
1
one
1
2
0.61
####
hru_width
1
nhru
426
2
0.74489796
0.9047619
0.66346157
0.6980769
0.79347825
0.85952383
6.68
2.5815217
4.6272726
5.548649
8.834483
9.227647
16.314423
46.748077
80.47222
385.05
203.85
83.675
33.6
18.383333
51.7
24.65
18.68
6.58125
6.7833333
18.7
35.3
0.44444445
3.4145162
3.65
3.398611
4.307792
5.3341465
13.283871
12.336585
18.966667
18.141176
58.113335
513.1
914.8
371.1
25.42174
15.665384
12.565385
13.527273
15.247059
24.1375
7.1266665
12.825
3.7
0.9
1.3708738
38.533333
2.9747252
2.7591465
2.638793
3.5223684
5.137736
9.924638
22.743093
20.278704
44.72022
40.65504
48.799953
24.63551
20.152496
8.831766
0.95465475
0.3430438
0.06666667
1.4535211
2.6888888
4.1583333
3.5851853
3.662264
4.256
4.2491527
5.2980394
5.8030305
27.065
64.63636
64.24
60.255554
29.571428
42.4625
24.125
28.325
35.9
4.0666666
2.2
5.275
4.45
0.208
1.156
6.4333334
8.228572
1.7096775
2.1966102
2.9871795
3.7371428
7.5789475
9.151613
9.269231
12.8375
2.475
0.475
1.0314286
1.9944445
1.65
1.9627907
3.0696428
7.651111
6.3685713
5.72
3.4555554
1.0098361
4.58
2.112
11.5
1.4
1.8647059
1.7226415
1.4341463
2.5690477
3.1
5.35
12.325
3.6583333
1.65
5.071429
3.3214285
4.3
1.58
1.4965518
6.1571426
1.5538461
2.7057142
9.436363
3.840909
3.8238096
5.8
0.525
0.7
2.7666667
0.19
0.7862069
0.97692305
1.773913
3.6263158
5.1923075
12.525
3.86
1.6
2.125
0.9533333
1.6045455
2.35
3.994737
4.173684
4.18
0.16842106
0.56363636
1.7285714
0.40833333
1.50625
6.616667
4.652
3.1
0.34871796
3.325
0.4857143
1.2190477
1.5814815
1.9074074
2.17
1.8846154
0.31794873
0.45897436
0.12307692
0.41538462
0.5416667
0.4
0.825
1.9875
2.035
2.305
2.9
0.35
0.6631579
3.125
0.5368421
1.808
2.6
4.3
1.2888889
0.5923077
1.2545455
2.1736841
2.2555556
0.64444447
1.31
0.24666667
0.81904763
2.5842106
2.1833334
0.67142856
1.1375
0.5
1.40625
1.7272727
2.3428571
0.6615385
1.7
0.57
0.8625
2.185
2.09
1.18125
1.1090909
1.8947369
2.3714285
0.175
1.38125
1.0368421
1.8652174
1.7727273
0.6111111
0.74444443
0.7470588
1.17
2.1333334
1.5090909
2.3857143
0.41111112
0.56
4.2
0.51666665
1.1136364
3.88
1.7363636
1.88
1.2666667
0.65
1.5432433
0.7266667
2.7
0.54285717
0.9722222
1.44
2.0
2.9
0.16666667
1.3714286
0.5642857
1.7
1.3176471
1.1470588
0.6357143
1.2285714
1.6222222
0.6333333
3.1666667
0.5133333
1.168421
2.1
1.35
1.0928571
0.45333332
1.64
4.133333
2.2333333
0.7
0.34166667
0.7266667
0.31538463
1.0882353
3.1
2.525
1.1375
0.76
1.2136364
1.2142857
0.0
0.0
0.0
0.0
0.0
0.0
0.0
0.0
0.0
0.0
0.0
0.0
0.0
0.0
0.0
0.0
0.0
0.0
0.0
0.0
0.0
0.0
0.0
0.0
0.0
0.0
0.0
0.0
0.0
0.0
0.0
0.0
0.0
0.0
0.0
0.0
0.0
0.0
0.0
0.0
0.0
0.0
0.0
0.0
0.0
0.0
0.0
0.0
0.0
0.0
0.0
0.0
0.0
0.0
0.0
0.0
0.0
0.0
0.0
0.0
0.0
0.0
0.0
0.0
0.0
0.0
0.0
0.0
0.0
0.0
0.0
0.0
0.0
0.0
0.0
0.0
0.0
0.0
0.0
0.0
0.0
0.0
0.0
0.0
0.0
0.0
0.0
0.0
0.0
0.0
0.0
0.0
0.0
0.0
0.0
0.0
0.0
0.0
0.0
0.0
0.0
0.0
0.0
0.0
0.0
0.0
0.0
0.0
0.0
0.0
0.0
0.0
0.0
0.0
0.0
0.0
0.0
0.0
0.0
0.0
0.0
0.0
0.0
0.0
0.0
0.0
0.0
0.0
0.0
0.0
0.0
0.0
0.0
0.0
0.0
0.0
0.0
0.0
0.0
0.0
0.0
0.0
0.0
0.0
####
glacrva_coef
1
one
1
2
0.28
####
net_mbc_zero
1
nmonths
12
1
20030819
20070819
20130901
0
0
0
0
0
0
0
0
0
####
adjmix_rain
1
nmonths
12
2
1.0
1.0
1.0
1.0
1.0
1.0
1.0
1.0
1.0
1.0
1.0
1.0
####
temp_units
1
one
1
1
0
####
snowinfil_max
1
one
1
2
2.0
####
gwsink_coef
1
one
1
2
0.0
####
z_div
1
one
1
2
940.427246
####
sat_threshold
1
one
1
2
10.0
####
snowpack_init
1
one
1
2
0.0
####
snarea_curve
1
ndeplval
22
2
0.05
0.24
0.4
0.53
0.65
0.75
0.82
0.88
0.93
0.99
1.0
0.05
0.25
0.4
0.48
0.54
0.58
0.61
0.64
0.66
0.68
0.7
####
crad_coef
1
one
1
2
0.4
####
jh_coef_hru
1
nhru
426
2
20.057
19.9382
19.8287
19.635
19.1536
18.7131
19.0167
18.4311
17.7904
17.0974
16.4505
15.7569
15.0854
14.4325
13.7665
13.0948
12.4194
11.4861
10.3811
9.0708
7.574
6.9259
6.2403
5.5836
4.9066
4.2448
3.6204
2.9946
19.6452
19.3132
18.6708
17.9798
17.3303
16.6995
15.9584
15.348
14.6813
14.0111
13.3408
12.6914
12.0427
11.3767
10.7087
10.026
9.3832
8.6934
8.0508
7.3975
6.7704
6.0658
5.4574
19.1917
18.8336
18.317
17.524
16.9813
16.2078
15.5469
14.9091
14.1919
13.5475
12.8806
12.178
11.5148
10.8297
9.6903
7.9075
6.7592
6.097
5.4429
20.4543
20.3536
20.0431
19.7134
19.069
18.402
17.7166
17.0204
16.3268
15.6468
14.9823
14.3121
13.6267
12.9325
12.2843
11.5943
10.9084
10.2016
9.5705
8.8739
8.1243
7.5504
6.4882
18.8031
18.3515
17.8551
17.6588
17.0573
16.3175
15.761
14.9832
14.359
13.6931
13.0264
12.3663
11.5651
18.8977
18.2171
17.8616
17.2085
16.472
15.7964
15.0722
14.3903
13.742
20.5764
20.5169
20.3352
20.0966
19.4075
18.7369
18.1278
17.3957
16.7739
16.1529
15.3823
14.7387
13.6139
11.9664
10.9923
9.5579
8.0078
6.6681
18.3883
17.5313
17.6815
17.0774
16.498
15.7713
15.2163
14.5352
19.1598
18.7063
18.1181
17.9348
17.2516
16.6078
15.893
15.1838
14.4989
13.7979
12.9026
11.5073
16.9899
16.8237
16.2306
15.6076
14.8701
14.2851
13.6893
13.021
17.2485
16.7086
16.5766
15.7542
15.0568
14.3576
13.8069
19.0819
18.6345
18.1758
17.5344
16.8801
16.1319
15.5386
14.8371
14.0884
13.4683
12.6566
18.0194
17.373
16.7444
16.0493
15.3428
14.713
14.0363
13.4311
12.7619
16.8023
16.3286
16.0398
15.2812
14.6297
13.9953
17.2834
17.0648
16.4569
15.7904
15.1613
14.1776
15.5757
15.3474
14.4799
13.8878
13.2315
12.3549
17.579
17.0504
16.3493
15.6072
15.0876
18.3178
17.7388
17.6621
16.9559
16.1923
15.7371
16.5281
16.1057
15.5514
14.9276
14.3041
16.7822
16.3227
15.5651
14.919
16.5973
16.2049
15.3268
14.5935
13.8229
13.077
12.4112
11.7443
16.3058
15.8596
15.6971
15.1208
14.4952
13.8146
13.2185
17.0376
16.4289
15.8573
18.4946
18.0195
17.944
17.3563
16.6866
16.1009
15.3828
14.6937
16.3463
15.8381
15.0238
14.3433
16.748
16.1949
15.6149
15.0188
16.743
16.1915
15.98
15.4817
14.8541
14.2003
16.2363
15.694
15.159
14.4851
13.9385
13.0307
12.3686
16.3822
15.8857
15.2449
14.5338
13.8323
16.1255
15.6974
15.0878
14.4438
13.4782
14.1013
14.7955
12.6219
14.7778
15.1515
12.6276
12.4837
11.8589
15.0671
11.9842
12.1531
14.7459
12.8501
13.8789
14.9192
15.7392
16.6807
14.4654
11.3181
16.1841
11.462
13.872
14.5822
16.5505
13.0581
14.3736
14.3742
13.9929
16.9649
15.1004
14.6553
14.494
11.5773
11.7226
16.9382
18.1879
16.6401
14.439
16.9079
14.4235
14.7759
20.0601
15.0754
14.4056
15.3363
12.9667
16.9301
14.9504
19.0976
16.4428
13.3829
17.2836
13.7989
13.1994
19.3827
20.5186
20.7557
20.4191
13.6113
13.4705
16.9149
16.8966
15.473
14.8169
16.5596
16.8075
18.5199
19.438
20.8573
20.8247
17.4319
20.2401
17.5597
17.7001
19.9724
17.1111
17.384
14.2065
15.9332
14.8672
15.4063
17.9252
17.7508
16.5163
16.2118
15.9223
13.7888
15.3004
18.7614
16.7269
15.8675
15.3106
15.3041
16.3396
16.3806
15.496
15.1452
14.4671
14.9798
15.4513
17.7792
14.9575
14.4455
15.5983
15.4764
17.029
15.4206
15.4373
15.2142
14.7354
18.5446
14.0567
17.5646
18.0541
14.6172
14.587
14.6121
14.7225
15.3941
13.9988
16.0082
11.8225
12.9236
16.0069
13.7248
13.7525
13.6447
14.9512
12.7668
9.8746
16.6179
11.8954
12.5972
17.1232
12.9447
14.8159
13.1746
11.7188
11.9192
14.5756
13.2593
14.4206
13.354
####
z_add
1
one
1
2
-2147.5752
####
stage_exp
1
one
1
2
0.4
####
rad_trncf
1
nhru
426
2
0.9917
0.8876
0.8379
0.7913
0.4085
0.6423
0.9917
0.9917
0.9917
0.9917
0.9917
0.9917
0.9917
0.9917
0.9917
0.9917
0.9917
0.9917
0.9917
0.9917
0.9917
0.9917
0.9917
0.9917
0.9917
0.9917
0.9917
0.9917
0.9917
0.9917
0.9917
0.9917
0.9917
0.9917
0.9917
0.9917
0.9917
0.9917
0.9917
0.9917
0.9917
0.9917
0.9917
0.9917
0.9917
0.9917
0.9917
0.9917
0.9917
0.9917
0.9917
0.9917
0.9917
0.9917
0.9917
0.9917
0.9917
0.9917
0.9917
0.9917
0.9917
0.9917
0.9917
0.9917
0.9917
0.9917
0.9917
0.9917
0.9917
0.9917
0.9917
0.7898
0.7496
0.9917
0.9917
0.9917
0.9917
0.9917
0.9917
0.9917
0.9917
0.9917
0.9917
0.9917
0.9917
0.9917
0.9917
0.9917
0.9917
0.9917
0.9917
0.9917
0.9917
0.8841
0.9917
0.9917
0.9917
0.9917
0.9917
0.9917
0.9917
0.9917
0.9917
0.9917
0.9917
0.9917
0.8864
0.9917
0.9917
0.9917
0.9917
0.9917
0.9917
0.9917
0.9917
0.9917
0.9917
0.9917
0.9917
0.9917
0.9917
0.9917
0.9917
0.9917
0.9917
0.9917
0.9917
0.9917
0.9917
0.9917
0.9917
0.9917
0.9917
0.9917
0.9917
0.9917
0.9917
0.9917
0.9917
0.9917
0.9917
0.9917
0.9917
0.9917
0.9917
0.9917
0.9917
0.9917
0.9917
0.9917
0.9917
0.9917
0.9917
0.9917
0.9917
0.9917
0.9917
0.9917
0.9917
0.9917
0.9917
0.9917
0.9917
0.9917
0.9917
0.9917
0.9917
0.9917
0.9917
0.9917
0.9917
0.9917
0.9917
0.9917
0.9917
0.9917
0.9917
0.9917
0.9917
0.9917
0.9917
0.9917
0.9917
0.9917
0.9917
0.9917
0.9917
0.9917
0.9917
0.9917
0.9917
0.9917
0.9917
0.9917
0.9917
0.9917
0.9917
0.9917
0.9917
0.9917
0.9917
0.9917
0.9917
0.9917
0.9917
0.9917
0.9917
0.9917
0.9917
0.9917
0.9917
0.9917
0.9917
0.9917
0.9917
0.9917
0.9917
0.9917
0.9917
0.9917
0.9917
0.9917
0.9917
0.9917
0.9917
0.9917
0.9917
0.9917
0.9917
0.9917
0.9917
0.9917
0.9917
0.9917
0.9917
0.9917
0.9917
0.9917
0.9917
0.9917
0.9917
0.9917
0.9917
0.9917
0.9917
0.9917
0.9917
0.9917
0.9917
0.9917
0.9917
0.9917
0.9917
0.9917
0.9917
0.9917
0.9917
0.9917
0.9917
0.9917
0.9917
0.9917
0.9917
0.9917
0.9917
0.9917
0.9917
0.9917
0.9917
0.9917
0.9917
0.9917
0.9917
0.9917
0.9917
0.9917
0.9917
0.9917
0.9917
0.9917
0.9917
0.9917
0.9917
0.9917
0.9917
0.9917
0.9917
0.9917
0.9917
0.9917
0.9917
0.9917
0.9917
0.9917
0.9917
0.9917
0.9917
0.9917
0.9917
0.9917
0.9917
0.9917
0.9917
0.9917
0.9917
0.9917
0.9917
0.9917
0.9917
0.9917
0.9917
0.9917
0.9917
0.9917
0.9917
0.9917
0.9917
0.9917
0.9917
0.9917
0.9917
0.9917
0.9917
0.9917
0.9917
0.9917
0.9917
0.9917
0.9917
0.9917
0.9917
0.9917
0.9917
0.9917
0.9917
0.9917
0.9917
0.9917
0.9917
0.9917
0.9917
0.9917
0.9917
0.9917
0.8952
0.9917
0.9917
0.9917
0.8795
0.6584
0.5729
0.9917
0.9917
0.7482
0.9917
0.9917
0.7074
0.959
0.9917
0.765
0.9917
0.9917
0.9917
0.9917
0.5646
0.8677
0.9917
0.9917
0.9917
0.9917
0.9917
0.9917
0.9917
0.9917
0.9917
0.9917
0.9917
0.9917
0.9917
0.9917
0.9917
0.9917
0.9917
0.9169
0.9917
0.9917
0.9917
0.9917
0.9463
0.9917
0.9917
0.9917
0.9917
0.8993
0.9917
0.9002
0.7891
0.9917
0.9917
0.9917
0.9917
0.9917
0.9917
0.9917
0.9917
0.9917
0.9917
0.9917
0.9917
0.9917
0.9917
0.9917
0.9917
0.9917
0.9917
0.9917
0.9917
0.9917
0.9917
0.9917
0.9917
0.9917
0.9917
0.9917
0.9917
0.9917
####
hru_percent_imperv
1
nhru
426
2
0.0
0.0
0.0377
0.0138
0.0027
0.0
0.015
0.0025
4.0E-4
0.0
0.0
0.0
0.0
0.0
0.0
0.0
0.0
0.0
0.0
0.0
0.0
0.0
0.0
0.0
0.0
0.0
0.0
0.0
0.0487
0.0231
0.0049
0.0016
0.0
0.0
0.0
0.0
0.0
0.0
0.0
0.0
0.0
0.0
0.0
0.0
0.0
0.0
0.0
0.0
0.0
0.0
0.0
0.063
0.0199
0.0347
0.0039
0.0
0.0
0.0
0.0
0.0
0.0
0.0
0.0
0.0
0.0
0.0
0.0
0.0
0.0
0.0
0.094
0.061
0.0631
0.0093
0.0015
0.0
4.0E-4
0.0
0.0
0.0
0.0
0.0
0.0
0.0
0.0
0.0
0.0
0.0
0.0
0.0
0.0
0.0
0.0
0.0
0.0
0.0
0.0
0.0015
0.0
0.0
0.0
0.0
0.0
0.0
0.0
0.0
0.0
0.0
0.0
0.0
0.0
0.0
0.0
0.0
0.0
0.0925
0.0611
0.0492
0.0065
0.0126
0.0011
0.0
0.0
0.0
0.0
0.0
0.0
0.0
0.0
0.0
0.0
0.0
0.0
0.0
0.0
0.0
0.0
0.0
0.0
0.0
0.0
0.0
0.0
0.0
0.0
0.0
0.0
0.0
0.0
0.0
0.0
0.0
0.0
0.0
0.0
0.0
0.0
0.0
0.0
0.0
0.0
0.0
0.0
0.0
0.0
0.0
0.0
0.0
0.0074
0.0
0.0
0.0
0.0
0.0
0.0
0.0
0.0
0.0
0.0
0.0
0.0
0.0
0.0
0.0
0.0
0.0
0.0
0.0
0.0
0.0
0.0
0.0
0.0
0.0
0.0
0.0
0.0
0.0
0.0
0.0
0.0
0.0
0.0
0.0
0.0
0.0
0.0
0.0
0.0
0.0
0.0
0.0
0.0
0.0
0.0
0.0
0.0
0.0
0.0
0.0
0.0
0.0
0.0
0.0
0.0
0.0
0.0
0.0
0.0
0.0
0.0
0.0
0.0
0.0
0.0
0.0
0.0
0.0
0.0
0.0
0.0
0.0
0.0
0.0
0.0
0.0
0.0
0.0
0.0
0.0
0.0
0.0
0.0
0.0
0.0
0.0
0.0
0.0
0.0
0.0
0.0
0.0
0.0
0.0
0.0
0.0
0.0
0.0
0.0
0.0
0.0
0.0
0.0
0.0
0.0
0.0
0.0
0.0
0.0
0.0
0.0
0.0
0.0
0.0
0.0
0.0
0.0
0.0
0.0
0.0
0.0
0.0
0.0
0.0
0.0
0.0
0.0
0.0
0.0
0.0
0.0
0.0
9.0E-4
0.0
0.0
0.0
0.0037
0.0
0.0
0.0
0.0
0.0325
0.0
0.0
0.0
0.0
0.0
7.0E-4
0.0146
0.001
0.0
0.0
0.0
0.0
0.0085
0.0
0.0
0.0
0.0
0.0024
0.0
0.0332
0.0
0.0
0.0126
0.0
0.0
0.0422
0.0447
0.0841
0.067
0.0
0.0
0.0044
0.0024
0.0
0.0
0.0
0.0012
0.015
0.0103
0.0179
0.0262
0.0024
0.0
0.0015
0.0033
0.0174
0.0117
0.0011
0.0
0.0
0.0
0.0
0.0
0.0
0.0
0.0
0.0
0.0
0.0
0.0
0.0
0.0
0.0
0.0011
0.0
0.0
0.0
0.0
0.0
0.0
0.0
0.0
0.0
0.0
0.0
0.0
0.0
0.0
0.0
0.0
0.0
0.0014
0.0
0.0014
0.0
0.0
0.0
0.0
0.0
0.0
0.0
0.0
0.0
0.0
0.0
0.0
0.0
0.0
0.0
0.0
0.0
0.0
0.0
0.0
3.0E-4
0.0
0.0
0.0
0.0
0.0
0.0
0.0
0.0
0.0
####
settle_const
1
one
1
2
0.1
####
x_coef
1
nsegment
330
2
0.2
0.2
0.2
0.2
0.2
0.2
0.2
0.2
0.2
0.2
0.2
0.2
0.2
0.2
0.2
0.2
0.2
0.2
0.2
0.2
0.2
0.2
0.2
0.2
0.2
0.2
0.2
0.2
0.2
0.2
0.2
0.2
0.2
0.2
0.2
0.2
0.2
0.2
0.2
0.2
0.2
0.2
0.2
0.2
0.2
0.2
0.2
0.2
0.2
0.2
0.2
0.2
0.2
0.2
0.2
0.2
0.2
0.2
0.2
0.2
0.2
0.2
0.2
0.2
0.2
0.2
0.2
0.2
0.2
0.2
0.2
0.2
0.2
0.2
0.2
0.2
0.2
0.2
0.2
0.2
0.2
0.2
0.2
0.2
0.2
0.2
0.2
0.2
0.2
0.2
0.2
0.2
0.2
0.2
0.2
0.2
0.2
0.2
0.2
0.2
0.2
0.2
0.2
0.2
0.2
0.2
0.2
0.2
0.2
0.2
0.2
0.2
0.2
0.2
0.2
0.2
0.2
0.2
0.2
0.2
0.2
0.2
0.2
0.2
0.2
0.2
0.2
0.2
0.2
0.2
0.2
0.2
0.2
0.2
0.2
0.2
0.2
0.2
0.2
0.2
0.2
0.2
0.2
0.2
0.2
0.2
0.2
0.2
0.2
0.2
0.2
0.2
0.2
0.2
0.2
0.2
0.2
0.2
0.2
0.2
0.2
0.2
0.2
0.2
0.2
0.2
0.2
0.2
0.2
0.2
0.2
0.2
0.2
0.2
0.2
0.2
0.2
0.2
0.2
0.2
0.2
0.2
0.2
0.2
0.2
0.2
0.2
0.2
0.2
0.2
0.2
0.2
0.2
0.2
0.2
0.2
0.2
0.2
0.2
0.2
0.2
0.2
0.2
0.2
0.2
0.2
0.2
0.2
0.2
0.2
0.2
0.2
0.2
0.2
0.2
0.2
0.2
0.2
0.2
0.2
0.2
0.2
0.2
0.2
0.2
0.2
0.2
0.2
0.2
0.2
0.2
0.2
0.2
0.2
0.2
0.2
0.2
0.2
0.2
0.2
0.2
0.2
0.2
0.2
0.2
0.2
0.2
0.2
0.2
0.2
0.2
0.2
0.2
0.2
0.2
0.2
0.2
0.2
0.2
0.2
0.2
0.2
0.2
0.2
0.2
0.2
0.2
0.2
0.2
0.2
0.2
0.2
0.2
0.2
0.2
0.2
0.2
0.2
0.2
0.2
0.2
0.2
0.2
0.2
0.2
0.2
0.2
0.2
0.2
0.2
0.2
0.2
0.2
0.2
0.2
0.2
0.2
0.2
0.2
0.2
0.2
0.2
0.2
0.2
0.2
0.2
0.2
0.2
0.2
0.2
0.2
0.2
0.2
0.2
0.2
0.2
0.2
0.2
0.2
0.2
0.2
0.2
0.2
0.2
0.2
0.2
0.2
0.2
0.2
0.2
####
segment_flow_init
1
nsegment
330
2
0.0
0.0
0.0
0.0
0.0
0.0
0.0
0.0
0.0
0.0
0.0
0.0
0.0
0.0
0.0
0.0
0.0
0.0
0.0
0.0
0.0
0.0
0.0
0.0
0.0
0.0
0.0
0.0
0.0
0.0
0.0
0.0
0.0
0.0
0.0
0.0
0.0
0.0
0.0
0.0
0.0
0.0
0.0
0.0
0.0
0.0
0.0
0.0
0.0
0.0
0.0
0.0
0.0
0.0
0.0
0.0
0.0
0.0
0.0
0.0
0.0
0.0
0.0
0.0
0.0
0.0
0.0
0.0
0.0
0.0
0.0
0.0
0.0
0.0
0.0
0.0
0.0
0.0
0.0
0.0
0.0
0.0
0.0
0.0
0.0
0.0
0.0
0.0
0.0
0.0
0.0
0.0
0.0
0.0
0.0
0.0
0.0
0.0
0.0
0.0
0.0
0.0
0.0
0.0
0.0
0.0
0.0
0.0
0.0
0.0
0.0
0.0
0.0
0.0
0.0
0.0
0.0
0.0
0.0
0.0
0.0
0.0
0.0
0.0
0.0
0.0
0.0
0.0
0.0
0.0
0.0
0.0
0.0
0.0
0.0
0.0
0.0
0.0
0.0
0.0
0.0
0.0
0.0
0.0
0.0
0.0
0.0
0.0
0.0
0.0
0.0
0.0
0.0
0.0
0.0
0.0
0.0
0.0
0.0
0.0
0.0
0.0
0.0
0.0
0.0
0.0
0.0
0.0
0.0
0.0
0.0
0.0
0.0
0.0
0.0
0.0
0.0
0.0
0.0
0.0
0.0
0.0
0.0
0.0
0.0
0.0
0.0
0.0
0.0
0.0
0.0
0.0
0.0
0.0
0.0
0.0
0.0
0.0
0.0
0.0
0.0
0.0
0.0
0.0
0.0
0.0
0.0
0.0
0.0
0.0
0.0
0.0
0.0
0.0
0.0
0.0
0.0
0.0
0.0
0.0
0.0
0.0
0.0
0.0
0.0
0.0
0.0
0.0
0.0
0.0
0.0
0.0
0.0
0.0
0.0
0.0
0.0
0.0
0.0
0.0
0.0
0.0
0.0
0.0
0.0
0.0
0.0
0.0
0.0
0.0
0.0
0.0
0.0
0.0
0.0
0.0
0.0
0.0
0.0
0.0
0.0
0.0
0.0
0.0
0.0
0.0
0.0
0.0
0.0
0.0
0.0
0.0
0.0
0.0
0.0
0.0
0.0
0.0
0.0
0.0
0.0
0.0
0.0
0.0
0.0
0.0
0.0
0.0
0.0
0.0
0.0
0.0
0.0
0.0
0.0
0.0
0.0
0.0
0.0
0.0
0.0
0.0
0.0
0.0
0.0
0.0
0.0
0.0
0.0
0.0
0.0
0.0
0.0
0.0
0.0
0.0
0.0
0.0
0.0
0.0
0.0
0.0
0.0
0.0
0.0
0.0
0.0
0.0
0.0
0.0
####
net_ard_zero
1
nmonths
12
1
1957
0
0
0
0
0
0
0
0
0
0
0
####
gwstor_init
1
one
1
2
2.0
####
snowfld_frac_init
1
nhru
426
2
0.0
0.0
0.0
0.0
0.0
0.0
0.0
0.0
0.0
0.0
0.0
0.0
0.0
0.0
0.0
0.0
0.0
0.0
0.0
0.0
0.0
0.0
0.0
0.0
0.0
0.0
0.0
0.0
0.0
0.0
0.0
0.0
0.0
0.0
0.0
0.0
0.0
0.0
0.0
0.0
0.0
0.0
0.0
0.0
0.0
0.0
0.0
0.0
0.0
0.0
0.0
0.0
0.0
0.0
0.0
0.0
0.0
0.0
0.0
0.0
0.0
0.0
0.0
0.0
0.0
0.0
0.0
0.0
0.0
0.0
0.0
0.0
0.0
0.0
0.0
0.0
0.0
0.0
0.0
0.0
0.0
0.0
0.0
0.0
0.0
0.0
0.0
0.0
0.0
0.0
0.0
0.0
0.0
0.0
0.0
0.0
0.0
0.0
0.0
0.0
0.0
0.0
0.0
0.0
0.0
0.0
0.0
0.0
0.0
0.0
0.0
0.0
0.0
0.0
0.0
0.0
0.0
0.0
0.0
0.0
0.0
0.0
0.0
0.0
0.0
0.0
0.0
0.0
0.0
0.0
0.0
0.0
0.0
0.0
0.0
0.0
0.0
0.0
0.0
0.0
0.0
0.0
0.0
0.0
0.0
0.0
0.0
0.0
0.0
0.0
0.0
0.0
0.0
0.0
0.0
0.0
0.0
0.0
0.0
0.0
0.0
0.0
0.0
0.0
0.0
0.0
0.0
0.0
0.0
0.0
0.0
0.0
0.0
0.0
0.0
0.0
0.0
0.0
0.0
0.0
0.0
0.0
0.0
0.0
0.0
0.0
0.0
0.0
0.0
0.0
0.0
0.0
0.0
0.0
0.0
0.0
0.0
0.0
0.0
0.0
0.0
0.0
0.0
0.0
0.0
0.0
0.0
0.0
0.0
0.0
0.0
0.0
0.0
0.0
0.0
0.0
0.0
0.0
0.0
0.0
0.0
0.0
0.0
0.0
0.0
0.0
0.0
0.0
0.0
0.0
0.0
0.0
0.0
0.0
0.0
0.0
0.0
0.0
0.0
0.0
0.0
0.0
0.0
0.0
0.0
0.0
0.0
0.0
0.0
0.0
0.0
0.0
0.0
0.0
0.0
0.0
0.0
0.0
0.0
0.0
0.0
0.0
0.0
0.0
0.0
0.0
0.0
0.0
0.0
0.0
0.0
0.0
0.0
0.0
0.0
0.0
0.0
0.0
0.0
0.0
0.0
0.0
0.0
0.09328594
0.1828884
0.0
0.26627862
0.065046966
0.0
0.06778009
0.024195954
0.022824977
0.18344183
0.0
0.013397754
0.112985544
0.006755803
0.1281933
0.14066271
0.1395929
0.055229805
0.0
0.29822266
0.0
0.08938326
0.01967481
0.09555513
0.19041967
0.0
0.11158856
0.08225947
0.08686464
0.03864788
0.26244843
0.28340712
0.0
0.0
0.12811944
0.0
0.18168265
0.2601703
0.0
0.121397965
0.25061634
0.0
0.15824462
0.15979652
0.29139164
0.13025923
0.07418522
0.18649657
0.0
0.05893156
0.098415904
0.09742367
0.103737175
0.07062028
0.0
0.0
0.0
0.0
0.23556626
0.020706432
0.119834825
0.0918456
0.19355822
0.07006347
0.0
0.14890799
0.0074386206
0.0020451958
0.0
0.0
0.090673275
0.0
0.018244611
0.065821156
0.0
0.0015594893
0.12452209
0.07087928
0.070770115
0.0
0.0
0.0
0.0
0.14859872
0.18986516
0.19391038
0.18946008
0.26358286
0.0
0.0
0.0050022677
0.009155943
0.27289003
0.20504786
0.15260743
0.1495891
0.24099162
0.27154985
0.270018
0.22248982
0.0
0.063224114
0.0
0.205129
0.09616375
0.048185933
0.0
0.0
0.0
0.15024482
0.0
0.0
0.109128095
0.09143271
0.066362634
0.06398531
0.14972132
0.16468838
0.27526736
0.022589447
0.030441565
0.0
0.0
0.28055948
0.0
0.0648267
0.0
0.14575885
0.046848062
0.1269048
0.18324651
0.05252218
0.016687563
0.2217691
0.12797602
0.06274724
0.0
0.0
0.05201196
0.13341296
0.11027189
0.0
0.0
####
soil_rechr_max
1
one
1
2
2.211
####
cfgi_decay
1
one
1
2
0.97
####
K_coef
1
nsegment
330
2
0.262072
0.328034
0.759378
0.648791
0.0261004
1.39188
0.333693
0.0162642
0.158671
0.350462
0.0304828
4.33189
0.109832
0.964085
0.0130502
0.438517
0.498918
0.527058
0.0130502
0.136474
0.0059313
1.18232
0.00843425
0.0201353
0.0160066
0.0398845
0.117526
0.039945
0.0527477
0.0265213
0.172422
0.0137013
0.0072455
0.032254
0.0290576
0.0630081
0.187909
0.0479745
0.61307
0.202238
0.24717
0.0979937
0.184313
2.79511
8.37169
3.21304
7.10298
5.70354
6.66047
4.51212
1.24391
0.865569
0.0599309
1.0E-4
0.074255
0.0276352
0.023147
0.00702425
0.485989
0.466868
0.683797
0.0669656
0.107269
0.0508133
0.239592
2.52326
4.27179
3.38914
4.74483
0.897304
1.73392
1.72595
0.532665
0.0354701
0.00331472
0.0290576
0.0182092
2.55376
1.0E-4
1.65314
3.62677
1.60967
1.65077
1.64514
2.06022
3.36989
1.62001
1.97798
2.42038
1.93044
2.62745
4.55817
2.47822
1.95472
1.4349
0.683732
0.0194705
0.111387
0.276667
0.374717
0.429057
0.568895
0.148816
4.83624
1.51569
3.49863
3.84021
4.18835
1.73637
1.90864
1.58393
0.80213
0.0131729
0.69945
0.244653
0.22081
0.0217478
0.00859361
0.0417635
0.611541
1.0E-4
0.0423035
0.440861
0.1422
0.0164169
0.0122465
1.41689
2.02107
2.35532
2.77393
7.36077
1.81635
0.701823
0.305401
0.15782
3.19306
0.111152
0.0330834
0.782792
1.15423
1.11443
1.5366
1.44705
1.15802
4.39033
3.19208
0.464261
0.046706
0.048519
2.54896
1.46054
2.39098
1.47041
1.60544
0.743549
0.69874
0.0050748
1.0E-4
0.164289
0.218275
0.221488
0.0198815
0.0569414
1.23903
0.0534444
1.38023
1.27976
0.707509
0.720053
0.788139
0.0776601
0.00630871
0.0983148
0.0413783
0.0169679
0.210285
1.08778
0.0506433
0.781326
0.586576
0.531151
0.0181084
0.0866176
0.109358
0.0377268
0.0207266
1.43626
0.518068
0.633829
0.629547
0.122915
0.0683491
0.0394306
1.13856
1.15573
0.424086
0.30665
0.700234
0.108088
0.105472
0.270238
0.614536
0.697871
1.00339
0.697069
0.291724
0.159137
0.0175009
0.0316637
0.230174
1.06042
1.0E-4
0.315267
0.299432
0.426618
0.147926
0.0326729
0.791678
0.646837
0.680113
0.123039
1.29436
0.898554
0.410511
0.714337
1.0E-4
0.158995
0.0214985
0.0458076
0.824977
0.540821
0.480549
0.0463682
0.210076
0.0238972
0.891688
0.455524
0.597193
1.0E-4
0.10516
0.0207778
0.844429
0.258462
0.0295144
0.480399
0.128915
0.811936
0.525761
0.10695
0.209427
0.736678
0.671815
0.0687106
0.123623
0.0161854
0.211005
0.691307
0.279008
0.176331
0.179051
0.275632
0.0216624
0.230092
0.0226182
0.485837
0.615423
0.41167
1.0E-4
0.139635
0.0543072
0.132951
1.27331
1.0E-4
5.51371
0.0234673
0.640538
0.290142
0.248185
0.0370863
0.08465
0.0543419
0.722422
0.311158
0.392406
0.267689
0.723777
0.655103
0.0731198
0.155458
0.022815
0.00479339
0.462152
0.376355
0.0302485
0.0173317
0.0363098
0.523652
0.410962
0.0120181
0.00609741
0.00418207
0.0563273
1.66788
0.50603
0.328727
0.315509
0.0451403
0.0787109
0.583551
0.425968
1.81556
1.62471
0.301415
2.0121
2.98815
0.935573
0.769975
1.26681
1.50585
1.73322
1.61534
1.63875
0.6246
0.01
0.01
0.01
0.01
0.01
0.01
0.01
####
transp_tmax
1
one
1
2
500.0
####
psta_nuse
1
nrain
9
1
1
1
1
1
1
1
0
1
1
####
tsta_nuse
1
ntemp
7
1
1
1
1
0
1
1
1
####
print_type
1
one
1
1
1
####
freeh2o_cap
1
one
1
2
0.19321534
####
gwflow_coef
1
one
1
2
0.015
####
parent_hru
1
nhru
426
1
1
2
3
4
5
6
7
8
9
10
11
12
13
14
15
16
17
18
19
20
21
22
23
24
25
26
27
28
29
30
31
32
33
34
35
36
37
38
39
40
41
42
43
44
45
46
47
48
49
50
51
52
53
54
55
56
57
58
59
60
61
62
63
64
65
66
67
68
69
70
71
72
73
74
75
76
77
78
79
80
81
82
83
84
85
86
87
88
89
90
91
92
93
218
219
220
221
222
223
224
225
226
227
228
229
230
382
383
384
385
386
387
388
389
390
501
502
503
504
505
506
507
508
509
510
511
512
513
514
515
516
517
518
653
654
655
656
657
658
659
660
753
754
755
756
757
758
759
760
761
762
763
764
801
802
803
804
805
806
807
808
840
841
842
843
844
845
846
856
857
858
859
860
861
862
863
864
865
866
981
982
983
984
985
986
987
988
989
1085
1086
1087
1088
1089
1090
1108
1109
1110
1111
1112
1113
1145
1146
1147
1148
1149
1150
1189
1190
1191
1192
1193
1194
1195
1196
1197
1198
1199
1200
1201
1202
1203
1204
1205
1206
1207
1208
1228
1229
1230
1231
1232
1233
1234
1235
1266
1267
1268
1269
1270
1271
1272
1309
1310
1311
1343
1344
1345
1346
1347
1348
1349
1350
1433
1434
1435
1436
1502
1503
1504
1505
1506
1507
1508
1509
1510
1511
1512
1513
1514
1515
1516
1517
1518
1532
1533
1534
1535
1536
1549
1550
1551
1552
2149
2174
2175
2176
2179
2180
2185
2191
2193
2200
2201
2202
2205
2212
2214
2219
2221
2224
2231
2232
2235
2236
2237
2242
2243
2254
2255
2257
2261
2262
2263
2270
2271
2280
2281
2284
2285
2286
2287
2291
2293
2309
2314
2316
2319
2322
2323
2330
2332
2334
2350
2352
2357
2360
2367
2373
2374
2377
2379
2380
2381
2382
2386
2387
2389
2390
2391
2392
2394
2395
2401
2402
2404
2408
2411
2412
2413
2414
2415
2416
2417
2419
2421
2425
2426
2430
2431
2432
2437
2438
2439
2440
2442
2443
2444
2445
2446
2447
2448
2449
2450
2451
2452
2453
2455
2456
2459
2463
2464
2466
2467
2469
2470
2472
2473
2474
2477
2478
2480
2482
2484
2485
2489
2491
2494
2496
2497
2498
2499
2503
2504
2505
2506
2507
2508
2509
2510
2520
2529
2536
2538
2547
2549
2554
####
conv_flag
1
one
1
1
0
####
stor_firn
1
nmonths
12
2
400.0
400.0
400.0
400.0
400.0
400.0
400.0
400.0
400.0
400.0
400.0
400.0
####
glacr_layer
1
one
1
2
3.94
####
hru_segment
1
nhru
426
1
39
40
41
41
43
43
44
45
46
47
48
49
50
51
52
53
54
55
56
57
58
59
60
61
62
63
64
64
65
66
67
68
69
70
71
72
73
74
75
76
77
78
79
80
81
82
83
84
85
85
85
86
87
88
89
90
91
92
93
94
95
96
97
98
99
100
101
101
101
101
102
103
104
105
106
107
108
109
110
111
112
113
114
115
116
117
118
119
120
121
122
123
123
124
125
126
127
128
129
130
131
132
133
134
135
136
137
139
140
141
142
143
144
145
146
147
148
149
150
151
152
153
154
155
156
157
158
159
160
161
162
163
164
165
166
167
168
169
170
171
172
174
175
176
177
178
179
180
181
182
183
184
185
186
187
188
189
190
191
192
192
193
194
195
196
197
198
199
200
201
202
203
204
205
206
207
207
207
207
208
209
211
212
213
214
215
216
216
217
218
219
220
221
222
223
224
225
226
227
227
228
230
231
232
233
234
235
237
238
239
240
241
242
243
244
245
246
247
248
249
250
250
251
252
253
254
255
257
258
259
260
261
262
263
264
265
266
267
268
269
270
272
273
274
275
276
277
278
279
280
281
281
282
283
284
285
286
287
288
289
290
291
292
293
294
295
297
298
299
300
301
302
303
304
305
306
307
308
309
310
311
312
108
152
149
69
155
149
108
110
69
108
69
69
108
110
69
110
200
200
104
12
150
12
69
69
9
71
68
68
71
149
69
69
12
94
93
151
10
149
70
152
67
70
103
68
177
67
93
104
177
4
67
92
17
91
91
17
13
6
16
92
92
65
14
67
90
175
14
102
6
7
7
18
18
66
3
39
86
3
92
88
92
91
40
20
20
42
45
49
22
43
45
45
45
46
43
45
193
46
49
45
217
43
43
46
124
187
1
47
49
47
47
2
49
2
1
47
47
47
128
43
47
166
47
47
165
47
43
49
138
43
52
31
49
49
37
47
142
47
47
47
129
131
130
132
####
hru_area
1
nhru
426
2
901.915
938.98
852.495
896.99115
901.915
892.0491
825.314
5868.625
12577.39
15218.889
18992.105
38762.58
41925.457
61574.63
36690.465
19506.611
10074.267
8270.437
1660.512
2725.513
1277.507
2436.406
2307.914
2601.963
3017.091
2310.385
872.263
197.68
5231.107
11003.363
6046.537
8196.307
10808.154
10175.578
12498.318
11247.992
15241.128
21539.707
25357.402
22604.707
18339.762
14447.937
10064.383
8072.757
7353.696
6404.832
4771.501
2641.499
1267.623
548.562
133.434
3489.052
2856.476
6688.997
11181.275
7563.731
6614.867
13457.066
16921.408
23603.715
22549.36
18786.002
14064.49
9646.971
6087.5576
8465.63
6110.6455
1627.7098
584.8981
113.666
2550.072
2391.928
2466.058
2391.928
4796.211
5258.288
6194.797
6676.642
9463.93
13375.523
17568.81
15873.704
13400.233
10229.94
8393.987
4769.03
2799.643
1774.178
1507.31
652.344
521.381
439.838
128.492
1428.238
1430.709
1423.296
1309.63
3202.416
5757.43
9696.204
10674.72
14020.454
5955.11
2537.717
489.258
93.898
892.031
887.089
489.258
2085.524
4247.649
8507.653
5507.859
4946.942
768.481
1522.136
1131.718
1304.688
1136.66
1176.196
2349.921
2256.023
1452.948
2666.209
1225.616
793.191
1218.203
1084.769
652.344
1754.41
1149.015
531.265
195.209
1072.414
1065.001
998.284
2340.037
2564.898
2087.995
1984.213
286.636
207.564
207.564
205.093
93.898
563.388
627.634
1008.168
1702.519
1667.925
1237.971
953.806
158.144
630.105
706.706
872.263
812.959
1875.489
1959.503
516.439
79.072
306.404
298.991
121.079
595.511
1961.974
2873.773
459.606
336.056
328.643
168.028
632.576
1055.117
1272.565
1072.414
605.395
306.404
442.309
118.608
133.434
160.615
217.448
407.715
785.778
1005.697
1139.131
573.272
172.97
311.346
308.875
252.042
1116.892
1156.428
212.506
286.636
190.267
681.996
1020.523
501.613
143.318
323.701
91.427
425.012
1213.261
323.701
116.137
449.722
197.68
555.975
938.98
405.244
212.506
210.035
140.847
340.998
1079.827
516.439
467.019
301.462
889.56
820.372
69.188
546.091
486.787
1060.059
481.845
135.905
165.557
313.817
289.107
474.432
410.186
412.657
91.427
207.564
207.564
153.202
605.395
479.374
471.961
232.274
469.49
289.107
1410.941
269.339
266.868
187.796
432.425
533.736
296.52
71.659
61.775
474.432
195.209
588.098
553.504
481.845
219.919
637.518
360.766
234.745
234.745
190.267
548.562
311.346
133.434
378.063
168.028
405.244
306.404
165.557
51.891
101.311
269.339
101.311
457.135
383.005
249.571
449.722
281.694
659.757
210.035
6125.609
10830.393
10897.11
6147.848
4057.382
13313.748
1541.904
4675.132
2204.132
926.625
1173.725
543.62
5265.701
1868.076
3872.057
778.365
18492.965
8154.3
18216.213
1396.115
22298.305
1759.352
1771.707
1477.658
28186.697
5194.042
6693.939
3995.607
803.075
9209.417
1079.827
5179.216
25419.178
938.98
1947.148
10202.759
11519.802
23899.512
4361.315
659.757
25560.023
3896.767
578.214
6923.742
6827.373
8356.922
10113.803
18789.484
7240.03
17625.643
9585.009
5147.093
23274.35
6815.018
7062.118
7487.13
1934.793
7788.592
4573.821
4882.696
4956.826
7373.464
36798.133
12392.065
22009.197
736.358
48231.45
11542.041
29617.406
1102.066
850.024
21883.176
1596.266
3286.43
19548.08
1136.66
7813.302
41690.71
3899.238
1915.025
1759.352
345.94
2614.318
2023.749
6518.498
14166.243
11519.802
9824.696
3397.625
155.673
2639.028
3659.551
9295.902
7692.223
4860.457
2090.466
3780.63
9748.095
2270.849
526.323
11964.582
788.249
10944.059
1307.159
17860.389
18443.545
8920.31
101.311
59.304
1502.368
9231.656
1779.12
2577.253
5191.571
1957.032
1200.906
1198.435
7104.125
3115.931
1924.909
5063.079
4383.554
3049.214
1952.09
8270.437
1215.732
4514.517
1887.844
5077.905
2557.485
1947.148
11052.783
1438.122
2330.153
9602.306
5898.277
2428.993
2172.009
4667.719
1989.155
2547.601
2693.39
721.532
410.186
####
ppt_lapse
2
nlapse
nmonths
36
2
0.135930002
-0.376435012
0.234199002
0.0
-0.441421986
0.265855998
0.0
-0.356534988
0.175603002
0.0
-0.383051991
0.197415993
0.104705997
-0.256556004
0.163905993
0.238712996
0.0
0.119985998
0.326164991
0.0
0.232699007
0.124605998
-0.202669993
0.261496007
0.260104001
-0.537326992
0.405137002
0.0
-0.80013299
0.498751014
0.0
-0.649020016
0.438172013
0.0
-0.718463004
0.324393988
####
radj_wppt
1
one
1
2
0.5
####
psta_x
1
nrain
9
2
596469.688
605812.25
576300.062
603952.25
584451.812
585324.562
580583.625
598218.125
566795.25
####
psta_y
1
nrain
9
2
1312484.25
1264047.12
1337683.62
1310468.62
1319871.88
1320018.62
1317501.12
1312784.62
1283125.0
####
ccov_slope
1
nmonths
12
2
-0.13
-0.13
-0.13
-0.13
-0.13
-0.13
-0.13
-0.13
-0.13
-0.13
-0.13
-0.13
####
rain_code
1
nmonths
12
1
5
5
5
5
5
5
5
5
5
5
5
5
####
fastcoef_lin
1
one
1
2
0.1
####
y_div
1
one
1
2
20663.0449
####
stor_ice
1
nmonths
12
2
10.0
10.0
10.0
10.0
10.0
10.0
10.0
10.0
10.0
10.0
10.0
10.0
####
tmax_allsnow_dist
1
one
1
2
32.0
####
tsta_month_max
1
nmonths
12
2
-6.00935125
0.157985672
7.68339443
20.853054
24.7711754
33.9261284
39.388401
37.6189957
27.5586777
15.7219753
2.53633714
-4.99863195
####
albedo_coef
1
one
1
2
0.137
####
glacrva_exp
1
one
1
2
1.375
####
epan_coef
1
one
1
2
1.0
####
tmax_allsnow
1
nmonths
12
2
32.0
32.0
32.0
32.0
32.0
32.0
32.0
32.0
32.0
32.0
32.0
32.0
####
y_add
1
one
1
2
-1276635.62
####
covden_win
1
nhru
426
2
0.0
0.0047
0.012
0.0257
0.2016
0.1285
0.0
0.0
0.0
0.0
0.0
0.0
0.0
0.0
0.0
0.0
0.0
0.0
0.0
0.0
0.0
0.0
0.0
0.0
0.0
0.0
0.0
0.0
0.0
0.0
0.0
0.0
0.0
0.0
0.0
0.0
0.0
0.0
0.0
0.0
0.0
0.0
0.0
0.0
0.0
0.0
0.0
0.0
0.0
0.0
0.0
0.0
0.0
0.0
0.0
0.0
0.0
0.0
0.0
0.0
0.0
0.0
0.0
0.0
0.0
0.0
0.0
0.0
0.0
0.0
0.0
0.013
0.0161
0.0
0.0
0.0
0.0
0.0
0.0
0.0
0.0
0.0
0.0
0.0
0.0
0.0
0.0
0.0
0.0
0.0
0.0
0.0
0.0
0.023
0.0086
7.0E-4
0.0
0.0
0.0
0.0
0.0
0.0
0.0
0.0
0.0
0.0
0.027
0.0013
0.0
0.0
0.0
0.0
0.0
0.0
0.0
0.0
0.0
0.0
0.0
0.0
0.0
0.0
0.0
0.0
0.0
0.0
0.0
0.0
0.0
0.0
0.0
0.0
0.0
0.0
0.0
0.0
0.0
0.0
0.0
0.0
0.0
0.0
0.0
0.0
0.0
0.0
0.0
0.0
0.0
0.0
0.0
0.0
0.0
0.0
0.0
0.0
0.0
0.0
0.0
0.0
0.0
0.0
0.0
0.0
0.0
0.0
0.0
0.0
0.0
0.0
0.0
0.0
0.0
0.0
0.0
0.0
0.0
0.0
0.0
0.0
0.0
0.0
0.0
0.0
0.0
0.0
0.0
0.0
0.0
0.0
0.0
0.0
0.0
0.0
0.0
0.0
0.0
0.0
0.0
0.0
0.0
0.0
0.0
0.0
0.0
0.0
0.0
0.0
0.0
0.0
0.0
0.0
0.0
0.0
0.0
0.0
0.0
0.0
0.0
0.0
0.0
0.0
0.0
0.0
0.0
0.0
0.0
0.0
0.0
0.0
0.0
0.0
0.0
0.0
0.0
0.0
0.0
0.0
0.0
0.0
0.0
0.0
0.0
0.0
0.0
0.0
0.0
0.0
0.0
0.0
0.0
0.0
0.0
0.0
0.0
0.0
0.0
0.0
0.0
0.0
0.0
0.0
0.0
0.0
0.0
0.0
0.0
0.0
0.0
0.0
0.0
0.0
0.0
0.0
0.0
0.0
0.0
0.0
0.0
0.0
0.0
0.0
0.0
0.0
0.0
0.0
0.0
0.0
0.0
0.0
0.0
0.0
0.0
0.0
0.0
0.0
0.0
0.0
0.0
0.0
0.0
0.0
0.0
0.0
0.0
0.0
0.0
0.0
0.0
0.0
0.0
0.0
0.0
0.0
0.0
0.0
0.0
0.0
0.0
0.0
0.0
0.0
0.0
0.0
0.0
0.0
0.0
0.0
0.0
0.0
0.0
0.0
0.0
0.0
0.0
0.0
0.0
0.0
0.0
0.0
0.0
0.0
0.0
0.0
0.0041
0.0
0.0
0.0
0.0074
0.0694
0.1397
0.0
0.0
0.0273
0.0
0.0
0.0463
0.0018
0.0
0.0254
0.0
0.0
0.0
0.0
0.0862
0.0099
0.0
0.0
0.0
0.0
0.0
0.0
0.0
0.0
0.0
0.0
0.0
0.0
0.0
0.0
0.0
0.0
0.0
0.0115
0.0
0.0
0.0
0.0
0.006
0.0
0.0
0.0
0.0
0.0357
0.0
0.016
0.0532
0.0
0.0
0.0
0.0
0.0
0.0
0.0
0.0
0.0
0.0
0.0
0.0
0.0
0.0
0.0
0.0
0.0
0.0
0.0
4.0E-4
0.0
0.0
0.0
0.0
0.0
0.0
0.0
0.0
0.0
####
hru_x
1
nhru
426
2
653546.3
656845.9
658845.9
661646.75
665647.0
666946.8
667847.5
675448.75
685150.2
695252.94
703153.7
712855.4
715752.75
718050.75
712447.9
705243.56
703140.3
709443.75
721546.1
726748.2
722045.7
722346.2
724946.56
725045.56
725845.06
726244.94
728044.44
729244.2
659150.1
665351.94
675961.2
682268.75
686374.8
692178.75
693681.56
693781.25
695084.06
693885.9
694085.6
695388.4
697891.1
701692.94
704294.0
706894.3
705694.75
709794.9
712394.9
712493.75
715090.94
717287.8
716586.1
667650.44
669649.9
676151.9
689758.75
702963.4
711766.7
719570.06
725176.2
725178.7
723080.7
722883.0
723587.0
723487.6
724089.25
722391.6
720892.25
720291.4
718689.5
717187.06
637146.3
640147.56
641350.1
643553.06
648256.9
652563.75
655169.44
655173.75
657077.7
657880.1
658379.75
659279.75
660379.7
663082.06
663786.0
666284.75
668484.5
668186.6
669888.6
669389.1
667989.75
663089.56
641884.2
670844.56
670543.0
669740.7
669437.2
668632.1
667425.44
669620.8
674423.7
678525.56
682727.6
683828.3
683328.94
692232.44
642830.0
643527.7
644326.06
647224.6
650924.56
653624.3
656624.75
659122.1
659920.7
630546.06
632548.2
634250.4
633551.0
634953.94
636359.25
636964.25
635468.0
635372.0
635073.1
634773.06
634874.75
636675.75
638577.5
638578.4
639680.5
640481.2
640583.06
628720.25
630120.7
631620.5
633319.94
633717.44
636619.94
637518.56
636517.25
666555.7
666656.9
667158.75
667459.4
667461.94
668063.9
668366.56
668867.3
668768.1
668868.4
670869.06
672470.25
665934.1
664733.6
662631.56
662829.8
662628.7
662627.06
663226.2
662626.3
655738.75
656938.4
657438.2
658737.0
659435.75
660535.9
661536.1
622355.06
622456.75
622758.94
623560.8
625563.56
627765.8
629068.25
628967.44
627966.94
627966.56
627868.1
679261.6
680661.2
682462.25
683761.94
684661.4
685861.5
687861.9
687561.56
686060.9
653836.4
654234.9
654633.25
655232.06
656031.0
656930.6
642924.06
642724.0
642021.5
642120.1
641819.9
639918.8
716069.6
716770.9
718171.94
718873.44
718975.5
717675.2
627323.5
628824.25
630124.4
631924.06
632323.25
623907.56
624908.56
625408.06
626808.25
628309.3
629309.1
647131.6
648030.56
648830.25
649430.1
648028.5
636727.9
636625.94
636824.4
636524.3
696977.1
696878.25
698080.44
699081.25
699781.94
700383.44
700283.75
699083.5
669762.44
670662.75
671462.5
672763.44
673163.75
673565.44
673966.1
645423.3
645221.44
644719.25
624211.7
625212.25
625811.8
627112.44
628112.9
629013.75
629713.3
629713.25
666339.56
665437.75
664336.6
663436.2
638328.75
638627.75
639325.94
639524.75
630961.9
631062.75
631163.06
630764.44
630465.06
630566.4
661558.4
662660.3
663260.6
663861.2
663960.9
663863.5
664562.5
650573.44
651673.2
652573.5
652974.0
653373.7
651436.6
651335.6
650933.8
651033.3
657688.4
634270.6
645072.0
682993.5
638172.75
649975.06
650483.0
669487.94
698097.25
661284.8
677886.94
701395.44
656979.5
667882.4
689992.2
662884.0
621765.3
616759.6
663474.06
710393.75
639764.4
716897.1
683086.9
690789.25
626657.3
696887.56
680681.06
676677.2
696083.4
651166.56
684485.44
688383.44
697178.7
723689.44
728492.25
632955.7
619250.3
644059.7
690081.56
635562.56
698172.2
690378.25
640650.94
676371.75
666665.2
684072.25
720780.06
652658.44
670163.44
626647.94
673763.0
727781.6
656254.25
716173.75
711374.06
648050.7
631945.5
616336.94
634846.3
731080.06
732176.7
662955.56
641334.7
681160.8
698465.1
665957.4
635030.1
635343.3
620334.8
608133.25
607031.6
645642.94
646746.94
672655.9
620227.7
653748.06
673453.44
613519.56
725869.8
681156.4
718670.5
711568.9
655343.8
653742.56
650339.94
662643.06
697059.44
732869.44
713664.6
672547.75
686153.94
692755.8
707661.25
695349.25
679846.06
681847.8
657740.1
686646.0
725266.44
723266.2
654635.6
673147.0
677038.56
691945.7
672235.94
665134.94
625223.06
724159.25
724860.06
701050.75
712554.1
622718.7
727956.5
620318.0
624419.8
719057.1
703343.5
708148.5
664122.6
679941.44
700146.44
633722.25
722650.1
717749.75
630317.4
704041.3
684539.3
742262.1
656527.0
686734.7
731648.56
625413.25
729452.3
741154.9
622509.25
695839.56
654222.7
700338.0
713042.6
707538.0
670822.6
683628.75
676023.5
686526.1
####
hru_y
1
nhru
426
2
1275243.8
1273243.8
1272444.8
1271943.5
1270343.2
1269644.1
1270644.8
1269044.9
1266944.6
1265242.2
1262642.9
1261242.8
1257143.8
1254243.4
1253245.0
1251747.0
1249547.5
1249246.4
1247847.0
1247845.1
1247647.8
1247145.6
1246745.4
1246146.1
1245346.1
1244747.5
1243546.9
1242746.8
1276243.2
1276042.9
1281240.4
1286138.1
1291336.1
1292334.5
1295334.5
1295235.4
1296733.4
1299232.8
1299433.0
1301130.8
1303030.6
1303430.1
1303830.0
1303630.6
1304530.2
1302929.6
1301730.9
1300430.5
1296732.2
1292832.2
1291432.6
1273743.0
1271942.8
1271542.5
1273241.5
1273039.8
1272839.0
1273637.6
1277736.5
1280235.5
1283234.4
1285934.4
1288933.1
1290633.5
1291932.8
1294531.2
1295531.5
1295731.2
1293732.6
1291833.2
1281243.4
1281542.2
1283642.6
1286041.4
1288440.5
1293238.2
1297737.4
1302434.9
1305833.9
1307533.6
1307032.4
1306233.0
1306334.4
1307532.9
1311031.4
1309132.4
1307531.8
1310331.1
1311331.4
1312430.8
1313329.2
1314529.9
1317531.4
1265844.9
1264145.9
1262246.5
1258947.2
1254549.5
1248151.6
1242252.4
1243052.0
1243752.4
1243851.0
1244751.8
1245051.4
1245149.8
1262649.6
1259550.6
1257851.4
1255752.5
1254151.1
1252452.1
1251351.0
1247851.5
1246352.8
1284243.6
1285144.4
1286341.8
1287443.0
1290240.6
1294637.6
1299636.5
1304136.9
1307634.2
1309134.6
1309534.4
1310634.5
1311735.1
1312833.2
1313134.4
1314331.8
1315733.0
1317030.9
1258451.6
1258452.4
1257253.1
1255853.9
1253652.5
1254352.4
1253153.2
1252252.5
1279240.6
1280341.4
1281839.6
1282640.0
1285040.4
1287538.8
1289238.0
1290038.6
1290736.6
1290836.8
1291237.4
1292137.0
1257448.8
1257248.6
1256148.5
1254448.9
1252751.0
1251150.8
1250550.8
1250350.8
1266546.2
1265146.9
1264546.5
1263747.2
1262249.5
1261648.0
1261248.4
1296339.2
1297939.5
1299539.0
1301438.8
1303436.1
1305136.8
1306336.6
1305936.8
1305736.8
1305537.8
1307035.8
1280740.6
1279639.8
1279238.8
1278740.5
1278140.9
1277439.5
1277339.2
1277340.4
1276940.1
1263946.9
1262647.5
1261548.1
1259648.6
1258449.0
1257749.1
1256651.4
1255951.8
1254152.2
1252752.6
1252452.5
1252053.9
1274837.5
1275637.6
1276437.4
1277137.2
1279137.0
1279937.9
1262050.0
1262050.9
1261750.1
1261150.9
1260152.1
1247757.5
1247456.6
1247056.4
1247055.2
1247256.5
1246755.6
1262249.5
1261250.4
1260450.6
1259650.1
1259050.9
1262549.8
1261151.2
1259552.1
1258951.0
1289835.0
1290834.5
1292233.9
1292934.1
1293233.6
1294031.9
1294533.2
1295233.0
1285339.6
1285038.5
1284639.8
1284738.9
1285339.6
1286037.6
1286537.8
1254551.0
1253252.6
1250952.1
1251355.5
1251353.9
1250955.6
1250855.4
1251055.4
1251554.5
1251255.6
1250656.8
1262547.2
1261548.1
1260847.4
1260348.5
1263050.8
1261750.5
1260150.6
1258950.4
1299238.5
1300238.4
1301138.0
1302436.2
1303137.8
1304136.9
1284541.4
1285540.9
1285840.1
1285739.5
1285540.1
1287538.4
1287339.4
1303134.2
1303134.6
1302935.6
1302834.4
1303335.6
1265746.1
1264548.1
1263049.5
1262148.8
1315829.9
1307335.4
1304034.6
1311329.5
1307734.5
1304734.9
1313531.6
1311231.6
1309929.8
1310530.9
1306831.4
1306529.9
1307333.9
1306032.9
1307431.0
1309632.8
1306237.5
1303438.5
1298935.1
1301430.8
1298338.5
1302731.1
1305032.2
1303931.4
1296539.6
1300632.2
1299734.1
1297235.4
1296134.1
1296537.5
1302131.9
1299533.9
1291234.4
1291732.9
1292331.4
1293040.8
1293041.9
1292238.8
1296933.5
1298438.9
1284436.6
1293034.2
1284841.8
1291935.8
1288338.0
1289536.5
1283535.1
1287439.6
1285738.8
1287342.8
1283839.2
1282735.0
1281842.6
1278738.1
1280436.0
1281542.6
1283244.2
1280646.4
1282844.0
1279735.0
1275035.4
1280141.0
1268048.9
1278840.4
1276638.6
1281241.5
1265449.2
1278344.0
1276648.9
1279947.2
1278647.5
1274444.9
1278644.4
1276741.6
1269651.0
1276144.9
1274341.5
1264252.2
1271038.6
1274541.2
1274337.8
1274738.4
1271744.9
1270846.8
1269645.2
1268145.8
1270939.9
1267138.6
1269539.8
1268344.0
1269942.6
1269241.2
1268640.5
1261544.6
1264044.5
1264743.6
1266746.8
1261245.0
1267439.4
1267940.0
1263447.9
1267443.6
1257347.0
1259144.6
1257247.9
1258748.2
1262951.6
1260542.1
1260540.2
1260944.4
1259543.1
1259452.6
1256543.1
1259452.6
1259652.1
1260542.5
1251746.6
1255645.4
1246552.5
1259747.0
1256844.6
1258352.5
1251743.5
1253245.5
1255353.4
1249146.5
1255247.8
1256140.6
1254751.1
1249748.0
1246946.2
1252054.6
1251044.1
1250044.2
1249456.8
1250847.8
1250651.8
1248048.4
1247746.4
1245348.2
1243552.5
1244951.5
1241951.9
1240752.0
####
tmax_allrain
1
nmonths
12
2
38.0
38.0
38.0
38.0
38.0
38.0
38.0
38.0
38.0
38.0
38.0
38.0
####
wrain_intcp
1
nhru
426
2
9.0E-4
0.0068
0.0115
0.0147
0.0282
0.0224
0.0
0.0
0.0
2.0E-4
1.0E-4
0.0
0.0
0.0
0.0
0.0
0.0
0.0
0.0
0.0
0.0
0.0
0.0
0.0
0.0
0.0
0.0
0.0
0.0049
0.0
0.0
0.0
0.0
0.0
0.0
0.0
0.0
0.0
0.0
0.0
0.0
0.0
0.0
0.0
0.0
0.0
0.0
0.0
0.0
0.0
0.0
0.0114
0.0
0.0
0.0
0.0
0.0
0.0
0.0
0.0
0.0
0.0
0.0
0.0
0.0
0.0
0.0
0.0
0.0
0.0
8.0E-4
0.0082
0.0079
0.0
0.0
0.0
0.0
0.0
0.0
0.0
0.0
0.0
0.0
0.0
0.0
0.0
0.0
0.0
0.0
0.0
0.0
0.0
0.0
0.0143
0.0157
0.0096
0.0
3.0E-4
1.0E-4
0.0
0.0
0.0
0.0
0.0
0.0
0.0
0.0206
0.0072
0.0
0.0
0.0
0.0
0.0
0.0
0.0
5.0E-4
0.003
0.0285
0.0
3.0E-4
5.0E-4
0.0
0.0
0.0
0.0
0.0
0.0
0.0
0.0
0.0
0.0
0.0
0.0
0.002
0.0038
0.0
0.0
0.0
0.0
0.0
0.0
0.003
0.0018
0.0
0.0
0.0
0.0
0.0
0.0
0.0
0.0
0.0
0.0
0.0
0.0
0.0
0.0
0.0
0.0
0.0
0.0
0.0
0.0
0.0
0.0
0.0
0.0
0.0
0.0369
0.0253
0.0
0.0
0.0
0.0
0.0
0.0
0.0
0.0
0.0
0.0028
0.0
0.0
0.0
0.0
0.0
0.0
0.0
0.0
0.0
0.0
0.0
0.0
0.0
0.0
0.0
0.0
0.0
0.0
0.0
0.0
0.0
0.0
0.0
0.0
0.0
0.0
3.0E-4
0.0
0.0
0.0
0.0
0.0
0.0
0.0
0.0
0.0
0.0
0.0
0.0
0.0
0.0
0.0
0.0
0.0
0.0
0.0
0.0
0.0
0.0
0.0
0.0
0.0
0.0
0.0
0.0
0.0
0.0
0.0
0.0
0.0
0.0
0.0
0.0
0.0
6.0E-4
9.0E-4
0.0
0.0
0.0
0.0
0.0
0.0
0.0
0.0
0.0
0.0
0.0
0.0
0.0
0.0
5.0E-4
0.0
0.0
0.0
0.0
0.0
0.0
0.0
0.0
0.0
0.0
0.0
0.0
0.0
0.0
0.0
0.0
0.0
0.0
0.0
0.0
0.0
0.0
0.001
5.0E-4
0.0
1.0E-4
0.0031
0.0
0.0
0.0
0.0
0.0
0.0
2.0E-4
0.0
0.0
0.0
0.0103
0.0153
1.0E-4
0.0
0.0061
0.0
0.0
0.0
0.0139
0.0
0.0022
4.0E-4
0.0
0.0062
0.0
0.0019
0.0051
0.0
0.0
0.0106
0.0393
0.0102
0.0
0.0142
0.0
0.0
0.0021
9.0E-4
8.0E-4
8.0E-4
0.0
0.0086
1.0E-4
0.0319
0.0061
0.0
0.0116
0.0
0.0
0.0185
0.0112
0.0028
0.0138
0.0
0.0
0.0148
0.0064
0.0017
0.0
0.008
0.0086
0.0193
0.0317
0.0092
0.0297
0.0114
0.0
0.0111
0.0206
0.0083
0.0224
0.0163
0.0
0.0037
0.0
0.0
0.0184
0.0063
0.0015
0.0013
5.0E-4
0.0
0.0
0.0024
0.0114
0.0029
0.0
2.0E-4
0.0015
1.0E-4
2.0E-4
2.0E-4
0.0
0.0
1.0E-4
0.0058
0.0
0.0
2.0E-4
4.0E-4
0.0143
0.0
0.0
0.0
0.0
0.0267
0.0
0.0175
0.022
0.0
0.0
0.0
0.0
0.0
0.0
0.0023
0.0
0.0
3.0E-4
0.0
0.0
0.0
0.0
0.0
0.0
0.0038
0.0
0.0
0.0065
0.0
1.0E-4
0.0
0.0
0.0
0.0
0.0
0.0
0.0
####
psta_freq_nuse
1
nrain
9
1
1
1
1
1
1
1
0
1
1
####
fastcoef_sq
1
one
1
2
0.8
