Default file generated by model
Version: 1.7
** Dimensions **
####
nmonths
12
####
nrain
11
####
ntemp
11
####
nssr
178
####
nsegment
94
####
ndays
366
####
one
1
####
ndepl
2
####
nobs
23
####
ndeplval
22
####
nhru
178
####
ngw
178
####
npoigages
1
####
nlapse
3
** Parameters **
####
smidx_exp
1
one
1
2
0.3
####
den_init
1
one
1
2
0.1
####
albedo_ice
1
one
1
2
0.344
####
elev_units
1
one
1
1
1
####
ssstor_init_frac
1
one
1
2
0.0
####
hru_lat
1
nhru
178
2
61.79852
61.7526
61.69904
61.64399
61.58802
61.5051
61.43313
61.42998
61.44329
61.4445
61.43694
61.43954
61.44287
61.78909
61.74583
61.7149
61.68779
61.63767
61.57188
61.53101
61.51119
61.48812
61.47573
61.46802
61.45819
61.45594
61.46464
61.46384
61.66983
61.66931
61.64334
61.6087
61.57192
61.548
61.54075
61.52609
61.51481
61.5069
61.49827
61.49115
61.48305
61.48164
61.62521
61.60912
61.58701
61.5803
61.57276
61.56268
61.55212
61.53424
61.52674
61.51914
61.51518
61.5142
61.57719
61.57224
61.56215
61.55385
62.37613
62.26364
62.26903
62.36953
62.30302
62.19317
62.29366
62.20527
62.22717
62.24096
62.28048
62.20972
62.19769
62.26147
62.1686
62.25108
62.17154
62.22155
62.19507
62.15913
62.20053
62.17445
62.12152
62.17066
62.17563
62.18304
62.10108
62.10889
62.12258
62.07742
62.08728
62.09389
62.06819
62.08388
62.06193
62.03248
62.07105
62.03582
62.04943
62.00963
61.99187
62.06397
61.99181
62.12776
62.12012
62.0284
62.11705
62.02424
62.00971
62.01503
62.09582
62.09766
62.09184
62.0727
62.09852
61.99142
62.08448
61.92386
62.06686
62.02164
62.07463
61.99856
62.04077
61.90247
61.98901
61.88257
61.8135
61.99311
61.88071
61.96222
61.94172
61.94324
61.8518
61.96037
61.87411
61.93337
61.93099
61.95368
61.93068
61.82253
61.94134
61.893
61.92646
61.85497
61.84509
61.89281
61.83738
61.84456
61.87673
61.80923
61.73058
61.80489
61.83892
61.76976
61.75639
61.70021
61.7422
61.75482
61.5563
61.73718
61.70921
61.59527
61.66261
61.67501
61.71035
61.65725
61.63668
61.6556
61.64538
61.58289
61.63528
61.66721
61.58924
61.5683
61.50546
61.53484
61.52016
61.48609
61.4626
61.41617
####
poi_type
1
npoigages
1
1
1
####
carea_max
1
one
1
2
0.6
####
pref_flow_den
1
one
1
2
0.0
####
tsta_x
1
ntemp
11
2
450956.469
450119.062
355455.312
437781.844
349107.094
381330.188
370604.062
339715.031
374919.938
379011.469
440857.781
####
tsta_y
1
ntemp
11
2
1360033.25
1373045.0
1346950.0
1374288.0
1340693.0
1389009.75
1352285.75
1329944.88
1352753.5
1358477.0
1380376.38
####
abl_elev_range
1
nhru
178
2
0.0
0.0
0.0
0.0
0.0
0.0
0.0
0.0
0.0
0.0
0.0
0.0
0.0
0.0
0.0
0.0
0.0
0.0
0.0
0.0
0.0
0.0
0.0
0.0
0.0
0.0
0.0
0.0
0.0
0.0
0.0
0.0
0.0
0.0
0.0
0.0
0.0
0.0
0.0
0.0
0.0
0.0
0.0
0.0
0.0
0.0
0.0
0.0
0.0
0.0
0.0
0.0
0.0
0.0
0.0
0.0
0.0
0.0
0.0
0.0
0.0
0.0
0.0
0.0
0.0
0.0
0.0
0.0
0.0
0.0
0.0
0.0
0.0
0.0
0.0
0.0
0.0
0.0
0.0
0.0
0.0
0.0
0.0
0.0
0.0
0.0
0.0
0.0
0.0
0.0
0.0
0.0
0.0
0.0
0.0
0.0
0.0
0.0
0.0
0.0
0.0
0.0
0.0
0.0
0.0
0.0
0.0
0.0
0.0
0.0
0.0
0.0
0.0
0.0
0.0
0.0
0.0
0.0
0.0
0.0
0.0
0.0
0.0
0.0
0.0
0.0
0.0
0.0
0.0
0.0
0.0
0.0
0.0
0.0
0.0
0.0
0.0
0.0
0.0
0.0
0.0
0.0
0.0
0.0
0.0
0.0
0.0
0.0
0.0
147.62268
0.0
0.0
0.0
242.44899
0.0
0.0
66.297356
0.0
0.0
271.72537
25.492384
169.26953
0.0
366.61322
85.532394
251.7242
0.0
149.14609
206.29349
0.0
394.34024
157.67072
0.0
215.0171
0.0
0.0
0.0
0.0
####
radj_sppt
1
one
1
2
0.6
####
tmin_div
1
one
1
2
20.0271645
####
glacier_frac_init
1
nhru
178
2
0.9805
1.0
1.0
1.0
1.0
1.0
1.0
1.0
1.0
1.0
1.0
1.0
1.0
0.0383
1.0
1.0
1.0
1.0
1.0
1.0
1.0
1.0
1.0
1.0
1.0
1.0
1.0
1.0
1.0
1.0
1.0
1.0
1.0
1.0
1.0
1.0
1.0
1.0
1.0
1.0
1.0
1.0
1.0
1.0
1.0
1.0
0.4
1.0
1.0
1.0
1.0
1.0
1.0
1.0
0.8
1.0
1.0
1.0
0.0
0.0
0.0
0.0
0.0
0.0
0.0
0.0
0.0
0.0
0.0
0.0
0.0
0.0
0.0
0.0
0.0
0.0
0.0
0.0
0.0
0.0
0.0
0.0
0.0
0.0
0.0
0.0
0.0
0.0
0.0
0.0
0.0
0.0
0.0
0.0
0.0
0.0
0.0
0.0
0.0
0.0
0.0
0.0
0.0
0.0
0.0
0.0
0.0
0.0
0.0
0.0
0.0
0.0
0.0
0.0
0.0
0.0
0.0
0.0
0.0
0.0
0.0
0.0
0.0
0.0
0.0
0.0
0.0
0.0
0.0
0.0
0.0
0.0
0.0
0.0
0.0
0.0
0.0
0.0
0.0
0.0
0.0
0.0
0.0
0.0
0.0
0.0
0.0
0.0
0.0
0.0
0.0
0.0
0.0
0.0
0.0
0.0
0.0
0.0
0.0
0.0
0.0
0.0
0.0
0.0
0.0
0.0
0.0
0.0
0.0
0.0
0.0
0.0
0.0
0.0
0.0
0.0
0.0
0.0
####
den_max
1
one
1
2
0.5
####
adjust_snow
1
nmonths
12
2
-0.4
-0.4
-0.4
-0.4
-0.4
-0.4
-0.4
-0.4
-0.4
-0.4
-0.4
-0.4
####
tmin_add
1
one
1
2
-24.5342712
####
tmax_div
1
one
1
2
20.0271645
####
adjust_rain
1
nmonths
12
2
-0.4
-0.4
-0.4
-0.4
-0.4
-0.4
-0.4
-0.4
-0.4
-0.4
-0.4
-0.4
####
ppt_div
1
one
1
2
0.226779938
####
tmin_adj
1
nhru
178
2
-1.7
-1.0
-1.0
-1.7
-1.7
-1.7
-1.0
-1.0
0.0
-1.0
-1.7
-1.7
1.2
-1.0
-1.0
-1.0
-1.0
-1.0
-1.0
-1.7
-1.0
-1.0
-1.0
-1.0
-1.7
-1.7
-1.0
-1.0
0.0
-1.7
-1.0
-1.0
-1.0
-1.0
-1.0
-1.0
-1.0
-1.0
-1.0
-1.0
-1.7
-1.0
-1.0
-1.7
-1.0
-1.0
-1.7
-1.0
-1.7
-1.0
-1.0
-1.0
-1.0
-1.0
0.0
-1.0
-1.0
-1.0
0.0
0.0
1.0
0.0
1.0
1.0
1.2
-1.0
0.0
-1.0
-1.0
0.0
1.7
1.0
-1.0
-1.0
-1.0
0.0
0.0
0.0
0.0
0.0
0.0
-1.0
1.7
0.0
0.0
0.0
-1.0
1.2
1.7
0.0
1.0
1.0
-1.0
-1.0
-1.0
0.0
-1.0
-1.0
-1.0
-1.0
-1.0
1.0
1.2
0.0
1.2
0.0
-1.0
-1.0
-1.0
-1.0
0.0
-1.0
-1.0
0.0
-1.7
-1.0
-1.0
0.0
1.0
0.0
-1.0
-1.0
1.0
-1.0
0.0
1.2
-1.0
-1.0
-1.7
0.0
-1.0
1.0
-1.0
-1.0
-1.0
1.0
-1.0
-1.7
1.0
-1.0
1.0
0.0
0.0
0.0
0.0
-1.0
0.0
-1.7
0.0
0.0
0.0
0.0
-1.0
0.0
0.0
-1.0
-1.0
-1.0
-1.0
0.0
0.0
0.0
0.0
0.0
0.0
-1.0
-1.0
-1.0
-1.0
0.0
0.0
1.7
-1.0
1.0
1.0
1.0
1.2
-1.0
####
x_div
1
one
1
2
24791.0527
####
hru_type
1
nhru
178
1
4
4
4
4
4
4
4
4
4
4
4
4
4
4
4
4
4
4
4
4
4
4
4
4
4
4
4
4
4
4
4
4
4
4
4
4
4
4
4
4
4
4
4
4
4
4
4
4
4
4
4
4
4
4
4
4
4
4
1
1
1
1
1
1
1
1
1
1
1
1
1
1
1
1
1
1
1
1
1
1
1
1
1
1
1
1
1
1
1
1
1
1
1
1
1
1
1
1
1
1
1
1
1
1
1
1
1
1
1
1
1
1
1
1
1
1
1
1
1
1
1
1
1
1
1
1
1
1
1
1
1
1
1
1
1
1
1
1
1
1
1
1
1
1
1
1
1
1
1
1
1
1
1
1
1
1
1
1
1
1
1
1
1
1
1
1
1
1
1
1
1
1
1
1
1
1
1
1
####
covden_sum
1
nhru
178
2
0.0
0.1052
0.0
0.0
0.0
0.0
0.0
0.0
0.0
0.0
0.0
0.0
0.0
0.0421
0.0248
0.0
0.0
0.0
0.0
0.0
0.0
0.0
0.0
0.0
0.0
0.0
0.0
0.0
0.0859
0.0
0.0
0.0
0.0
0.0
0.0
0.0
0.0
0.0
0.0
0.0
0.0
0.0
0.0
0.0
0.0
0.0
0.0
0.0
0.0
0.0
0.0
0.0
0.0
0.0
0.0
0.0
0.0
0.0
0.0
0.0
0.0
0.0
0.0
0.0
0.0
0.0
0.0
0.0
0.0
0.0
0.0
0.0
0.0
0.0
0.0
0.0
0.0
0.0
0.0
0.0
0.0
0.0
0.0
0.0
0.0
0.0
0.0
0.0
0.0
0.0
0.0
0.0
0.0
0.0
0.0
0.0
0.0
0.0
0.0
0.0
0.0
0.0
0.0
0.0
0.0
0.0
0.0
0.0
0.0
0.0
0.0
0.0
0.0
0.0
0.0
0.0222
0.0
0.0
0.0
0.0
0.0
0.0193
0.0
0.0318
0.1492
0.0
0.0865
0.0576
0.0502
0.09
0.1222
0.0
0.279
0.2739
0.2605
0.0
0.199
0.072
0.0
0.1903
0.0
0.1319
0.1194
0.033
0.0316
0.0957
0.2796
0.0
0.1481
0.0867
0.1909
0.0301
0.0956
0.0233
0.0509
0.0
0.0
0.0
0.2401
0.0255
0.0295
0.0212
0.0
0.0309
0.0584
0.0521
0.0
0.0266
0.032
0.1786
0.0
0.0
0.0
0.0
0.0
0.0
0.0
0.0
####
tohru
1
nhru
178
1
0
1
2
3
4
5
6
7
8
9
10
11
12
0
14
15
16
17
18
19
20
21
22
23
24
25
26
27
15
29
30
31
32
33
34
35
36
37
38
39
40
41
0
43
44
45
0
47
48
49
50
51
52
53
48
55
56
57
0
0
0
0
0
0
0
0
0
0
0
0
0
0
0
0
0
0
0
0
0
0
0
0
0
0
0
0
0
0
0
0
0
0
0
0
0
0
0
0
0
0
0
0
0
0
0
0
0
0
0
0
0
0
0
0
0
0
0
0
0
0
0
0
0
0
0
0
0
0
0
0
0
0
0
0
0
0
0
0
0
0
0
0
0
0
0
0
0
0
0
0
0
0
0
0
0
0
0
0
0
0
0
0
0
0
0
0
0
0
0
0
0
0
0
0
0
0
0
0
####
cfgi_thrshld
1
one
1
2
83.0
####
tmax_add
1
one
1
2
-24.5342712
####
soil_rechr_init_frac
1
one
1
2
0.6
####
ppt_add
1
one
1
2
-0.182686523
####
tosegment
1
nsegment
94
1
20
20
22
31
26
29
27
18
17
32
18
19
17
19
39
24
28
30
33
22
27
25
24
25
26
27
28
29
30
31
32
33
0
23
42
21
55
52
36
39
40
41
42
43
44
45
46
47
48
49
34
51
52
53
54
55
56
57
58
59
60
61
62
63
64
38
66
67
68
69
70
71
72
73
74
75
76
77
78
37
80
81
82
35
84
85
86
87
88
89
84
91
92
93
####
tmax_adj
1
nhru
178
2
-1.7
-1.0
-1.0
-1.7
-1.7
-1.7
-1.0
-1.0
0.0
-1.0
-1.7
-1.7
1.2
-1.0
-1.0
-1.0
-1.0
-1.0
-1.0
-1.7
-1.0
-1.0
-1.0
-1.0
-1.7
-1.7
-1.0
-1.0
0.0
-1.7
-1.0
-1.0
-1.0
-1.0
-1.0
-1.0
-1.0
-1.0
-1.0
-1.0
-1.7
-1.0
-1.0
-1.7
-1.0
-1.0
-1.7
-1.0
-1.7
-1.0
-1.0
-1.0
-1.0
-1.0
0.0
-1.0
-1.0
-1.0
0.0
0.0
1.0
0.0
1.0
1.0
1.2
-1.0
0.0
-1.0
-1.0
0.0
1.7
1.0
-1.0
-1.0
-1.0
0.0
0.0
0.0
0.0
0.0
0.0
-1.0
1.7
0.0
0.0
0.0
-1.0
1.2
1.7
0.0
1.0
1.0
-1.0
-1.0
-1.0
0.0
-1.0
-1.0
-1.0
-1.0
-1.0
1.0
1.2
0.0
1.2
0.0
-1.0
-1.0
-1.0
-1.0
0.0
-1.0
-1.0
0.0
-1.7
-1.0
-1.0
0.0
1.0
0.0
-1.0
-1.0
1.0
-1.0
0.0
1.2
-1.0
-1.0
-1.7
0.0
-1.0
1.0
-1.0
-1.0
-1.0
1.0
-1.0
-1.7
1.0
-1.0
1.0
0.0
0.0
0.0
0.0
-1.0
0.0
-1.7
0.0
0.0
0.0
0.0
-1.0
0.0
0.0
-1.0
-1.0
-1.0
-1.0
0.0
0.0
0.0
0.0
0.0
0.0
-1.0
-1.0
-1.0
-1.0
0.0
0.0
1.7
-1.0
1.0
1.0
1.0
1.2
-1.0
####
x_add
1
one
1
2
-377692.594
####
melt_look
1
one
1
1
90
####
tmax_allrain_dist
1
nmonths
12
2
38.0
38.0
38.0
38.0
38.0
38.0
38.0
38.0
38.0
38.0
38.0
38.0
####
slowcoef_lin
1
one
1
2
0.015
####
psta_month_ppt
1
nmonths
12
2
0.171618268
0.164757252
0.115821816
0.093448177
0.113771662
0.138698339
0.193954766
0.255614549
0.276843637
0.256040961
0.193006024
0.21866338
####
emis_noppt
1
one
1
2
0.9748301
####
hru_aspect
1
nhru
178
2
355.0032
322.035
15.2257
356.7546
359.2043
353.3206
12.859
50.3217
74.6725
66.5761
54.727
47.1615
143.4911
10.1539
18.5659
310.2582
306.1445
327.4293
344.6167
354.5799
350.5839
31.1675
49.1972
30.4071
16.7886
30.9199
58.9847
53.0351
308.6004
349.5398
340.0411
349.0722
347.003
352.3781
9.3671
23.6265
17.8596
14.5789
12.2238
354.3347
13.6251
29.5414
333.9214
354.3622
338.0096
337.8965
40.5703
60.223
2.9792
4.3627
9.3028
353.7527
351.7465
27.3543
80.5881
35.2826
30.5447
5.3886
230.289
122.8151
178.5874
118.87
127.0742
153.3847
182.3717
61.3383
174.2232
42.0077
56.5576
116.6726
209.508
124.6729
43.5307
1.2683
29.73
68.7943
271.8131
67.4283
130.4448
79.9309
73.2186
54.8742
254.324
130.0213
130.1538
103.5166
16.8987
173.1154
209.9427
162.4628
153.0387
142.917
39.3709
56.8307
54.6817
289.1529
54.1042
347.8018
54.9449
37.1859
22.8561
151.1365
152.5069
73.3651
167.5715
119.9214
319.1614
311.9813
355.2006
19.0691
80.0336
331.6887
19.7639
264.1725
99.8152
42.4816
298.7464
99.5169
141.4337
294.0843
2.7698
298.2737
144.2065
20.7092
279.8499
161.7077
356.0349
2.3613
334.3234
87.2057
51.1521
105.8015
330.5004
342.7245
310.4178
134.303
40.1267
27.1111
125.7351
308.3769
143.8455
70.099
19.3212
58.0732
69.1841
301.3944
258.0882
3.0205
284.503
66.1623
283.7197
249.5665
337.9649
90.1231
137.0061
318.0441
304.0578
342.1068
350.7954
81.358
99.9598
250.8078
291.9589
74.5136
304.2079
296.6427
304.8124
296.7246
49.2489
267.0162
280.1751
244.3358
307.8171
101.9894
128.3428
131.4543
170.199
27.306
####
jh_coef
1
nmonths
12
2
0.012438457
0.0120655205
0.011147091
0.010239488
0.009420174
0.008563022
0.008513035
0.008328326
0.00835
0.00875
0.01045214
0.0118828025
####
ssr2gw_rate
1
one
1
2
0.1
####
runoff_units
1
one
1
1
0
####
precip_units
1
one
1
1
0
####
gwstor_min
1
one
1
2
0.0
####
imperv_stor_max
1
one
1
2
0.0
####
transp_beg
1
one
1
1
1
####
soil_moist_max
1
one
1
2
5.211
####
max_lapse
2
nlapse
nmonths
36
2
0.013971
-0.0231749993
0.0
0.0
-0.0625369996
-0.090373002
0.0841049999
-0.0374439992
-0.0997330025
0.0787779987
0.0
-0.151938006
0.0
0.0
-0.232003003
0.0
0.0
-0.255964994
0.0
0.0
-0.235134006
0.0
0.0
-0.219898999
0.0
0.0
-0.249605
0.0494030006
0.0
-0.141081005
0.0
-0.0536979996
-0.0751999989
-0.0265149996
-0.096221
-0.0445489995
####
albset_sna
1
one
1
2
0.05
####
albset_snm
1
one
1
2
0.2
####
ccov_intcp
1
nmonths
12
2
1.83
1.83
1.83
1.83
1.83
1.83
1.83
1.83
1.83
1.83
1.83
1.83
####
smidx_coef
1
one
1
2
0.0010028288
####
hru_elev
1
nhru
178
2
544.0
577.0
736.0
934.0
1131.0
1390.0
1511.0
1732.0
1927.0
2116.0
2333.0
2520.0
2726.0
704.0
743.0
857.0
1038.0
1263.0
1462.0
1671.0
1872.0
2060.0
2259.0
2458.0
2664.0
2962.0
3304.0
3454.0
973.0
962.0
1182.0
1353.0
1531.0
1734.0
1972.0
2169.0
2381.0
2554.0
2780.0
3072.0
3412.0
3607.0
1490.0
1598.0
1773.0
1965.0
988.0
1083.0
1126.0
1339.0
1608.0
1815.0
2013.0
2297.0
1403.0
1591.0
1763.0
1975.0
784.0
582.0
534.0
775.0
622.0
496.0
709.0
649.0
642.0
761.0
718.0
578.0
660.0
706.0
688.0
716.0
850.0
751.0
774.0
582.0
933.0
721.0
477.0
878.0
719.0
794.0
610.0
513.0
840.0
396.0
720.0
907.0
666.0
429.0
453.0
450.0
720.0
480.0
518.0
651.0
568.0
546.0
686.0
1372.0
1090.0
928.0
1173.0
726.0
620.0
661.0
1071.0
1436.0
1023.0
1030.0
1154.0
485.0
1113.0
627.0
1142.0
1211.0
1279.0
1184.0
1276.0
749.0
567.0
847.0
886.0
770.0
725.0
698.0
595.0
666.0
929.0
546.0
951.0
731.0
803.0
722.0
793.0
544.0
777.0
777.0
951.0
1137.0
804.0
888.0
1262.0
1232.0
708.0
544.0
1229.0
925.0
817.0
1442.0
1277.0
1456.0
1338.0
733.0
1492.0
745.0
1123.0
1460.0
1315.0
1570.0
752.0
1602.0
1388.0
1384.0
1133.0
1444.0
1511.0
1314.0
1778.0
1857.0
2044.0
2055.0
2551.0
2331.0
2101.0
2069.0
####
stage_coef
1
one
1
2
0.2
####
ssr2gw_exp
1
one
1
2
1.0
####
slowcoef_sq
1
one
1
2
0.05
####
ppt_rad_adj
1
one
1
2
0.02
####
cecn_coef
1
one
1
2
5.0
####
tsta_month_min
1
nmonths
12
2
-0.989275813
3.68021512
12.0012436
25.9677505
38.1569138
48.737278
52.572052
49.2424011
38.9576607
21.4348068
5.25725985
-0.607078791
####
psta_elev
1
nrain
11
2
304.799988
313.899994
1018.90002
421.5
901.900024
747.099976
757.700012
847.299988
747.099976
704.700012
476.100006
####
print_freq
1
one
1
1
3
####
tsta_elev
1
ntemp
11
2
304.799988
313.899994
1018.90002
421.5
901.900024
747.099976
757.700012
847.299988
747.099976
704.700012
476.100006
####
cov_type
1
nhru
178
1
0
0
0
0
0
0
0
0
0
0
0
0
0
3
0
0
0
0
0
0
0
0
0
0
0
0
0
0
0
0
0
0
0
0
0
0
0
0
0
0
0
0
0
0
0
0
0
0
0
0
0
0
0
0
0
0
0
0
3
3
3
3
3
3
3
3
3
3
3
3
3
3
3
3
3
3
3
3
3
3
3
3
3
3
3
3
3
3
3
3
3
3
3
3
3
3
3
3
3
3
3
2
2
3
2
3
3
3
2
2
2
3
2
3
2
3
2
2
2
2
2
3
3
3
3
3
3
3
3
3
3
3
3
3
3
3
3
3
3
3
3
3
3
3
2
3
3
0
3
3
3
2
3
2
2
3
0
0
3
2
2
2
0
2
2
2
0
2
2
2
0
0
0
0
0
0
0
0
####
albset_rna
1
one
1
2
0.8
####
glacr_freeh2o_cap
1
one
1
2
0.002
####
albset_rnm
1
one
1
2
0.6
####
stor_snow
1
nmonths
12
2
80.0
80.0
80.0
80.0
80.0
80.0
80.0
80.0
80.0
80.0
80.0
80.0
####
snow_intcp
1
nhru
178
2
0.0
0.0112
0.0
0.0
0.0
0.0
0.0
0.0
0.0
0.0
0.0
0.0
0.0
0.0472
0.0194
0.0
0.0
0.0
0.0
0.0
0.0
0.0
0.0
0.0
0.0
0.0
0.0
0.0
0.0096
0.0
1.0E-4
0.0
0.0
0.0
0.0
0.0
0.0
0.0
0.0
0.0
0.0
0.0
0.0
0.0
0.0
0.0
0.0023
0.0082
0.0
0.0
0.0
0.0
0.0
0.0
0.0
0.0
0.0
0.0
0.0871
0.0959
0.0932
0.0855
0.0978
0.0917
0.0976
0.0942
0.094
0.0871
0.092
0.0963
0.0927
0.0991
0.0931
0.0953
0.0879
0.0905
0.0886
0.0992
0.0611
0.0776
0.0954
0.0705
0.0878
0.0837
0.088
0.0906
0.0859
0.0626
0.0913
0.0763
0.0869
0.0762
0.075
0.0884
0.0843
0.0795
0.0924
0.0903
0.0958
0.0823
0.0892
0.0393
0.0509
0.0734
0.0489
0.0834
0.0908
0.098
0.0531
0.0365
0.0525
0.0584
0.0508
0.0945
0.0506
0.0919
0.0507
0.05
0.0462
0.0511
0.0447
0.0903
0.0618
0.0782
0.0774
0.0798
0.094
0.0937
0.0584
0.085
0.0739
0.0372
0.0616
0.0878
0.0961
0.0907
0.0958
0.0261
0.0945
0.0805
0.0626
0.0532
0.0512
0.0834
0.0382
0.0458
0.0424
1.0E-4
0.0412
0.0447
0.0738
0.0195
0.0355
0.0195
0.0284
0.0619
4.0E-4
0.0
0.0429
0.0083
0.0381
0.0112
6.0E-4
0.0121
0.0291
0.0202
0.0
0.0078
0.0072
0.0294
0.0014
2.0E-4
0.0
0.0
0.0
0.0
0.0
0.0
####
transp_end
1
one
1
1
13
####
srain_intcp
1
nhru
178
2
1.0E-4
0.0127
0.0
0.0
0.0
0.0
0.0
0.0
0.0
0.0
0.0
0.0
0.0
0.0238
0.0134
0.0
0.0
0.0
0.0
0.0
0.0
0.0
0.0
0.0
0.0
0.0
0.0
0.0
0.0068
0.0
1.0E-4
0.0
0.0
0.0
0.0
0.0
0.0
0.0
0.0
0.0
0.0
0.0
0.0
0.0
0.0
0.0
0.0023
0.0082
0.0
0.0
0.0
0.0
0.0
0.0
0.0
0.0
0.0
0.0
0.0444
0.049
0.049
0.0435
0.0492
0.0483
0.0489
0.0472
0.0472
0.0444
0.0461
0.0487
0.0466
0.0496
0.0476
0.0477
0.0472
0.0471
0.0469
0.05
0.0484
0.0399
0.0496
0.049
0.0446
0.0487
0.0473
0.0481
0.0491
0.0416
0.048
0.0491
0.0459
0.0453
0.0482
0.0476
0.0471
0.0495
0.0487
0.048
0.0498
0.05
0.0479
0.0391
0.0492
0.0491
0.048
0.0463
0.046
0.05
0.0497
0.0363
0.0499
0.047
0.049
0.048
0.0499
0.0484
0.0497
0.0496
0.046
0.0499
0.0445
0.0497
0.0312
0.0494
0.0454
0.0473
0.0485
0.0477
0.0336
0.0434
0.0478
0.0191
0.0404
0.0458
0.0498
0.0458
0.05
0.0158
0.049
0.0471
0.0478
0.0355
0.0321
0.0479
0.0334
0.0354
0.04
1.0E-4
0.0336
0.0294
0.0439
0.0163
0.0224
0.0182
0.026
0.0344
4.0E-4
0.0
0.0328
0.0079
0.0356
0.0098
6.0E-4
0.0112
0.0261
0.0175
0.0
0.007
0.0062
0.0198
0.0012
2.0E-4
0.0
0.0
0.0
0.0
0.0
0.0
####
soil2gw_max
1
one
1
2
0.0
####
outlet_sta
1
one
1
1
1
####
snarea_thresh
1
nhru
178
2
8.285
8.825
11.435
14.685
17.925
22.16
24.155
27.78
30.975
34.085
37.64
40.7
44.085
10.92
11.56
13.42
16.395
20.085
23.35
26.785
30.08
33.155
36.42
39.695
43.065
47.95
53.565
56.025
15.325
15.15
18.755
21.56
24.485
27.815
31.72
34.95
38.42
41.27
44.97
49.755
55.335
58.535
23.815
25.575
28.45
31.6
15.575
17.135
17.845
21.33
25.75
29.135
32.39
37.055
22.38
25.47
28.285
31.775
12.22
8.92
8.125
12.075
9.565
7.5
10.99
10.01
9.89
11.855
11.145
8.845
10.2
10.95
10.655
11.11
13.315
11.69
12.065
8.92
14.67
11.185
7.185
13.77
11.165
12.385
9.375
7.775
13.15
5.855
11.175
14.24
10.295
6.41
6.8
6.74
11.185
7.235
7.87
10.05
8.69
8.33
10.62
21.865
17.24
14.595
18.6
11.28
9.54
10.21
16.935
22.92
16.155
16.255
18.29
7.325
17.615
9.655
18.105
19.23
20.34
18.795
20.29
11.645
8.67
13.265
13.9
12.005
11.25
10.825
9.125
10.29
14.6
8.315
14.965
11.35
12.54
11.205
12.38
8.285
12.105
12.11
14.965
18.01
12.55
13.935
20.065
19.58
10.975
8.285
19.53
14.54
12.775
23.03
20.32
23.25
21.315
11.4
23.845
11.595
17.79
23.325
20.945
25.12
11.705
25.64
22.13
22.07
17.945
23.055
24.155
20.92
28.54
29.835
32.895
33.075
41.21
37.61
33.835
33.315
####
hru_deplcrv
1
nhru
178
1
1
1
1
1
1
1
1
1
1
1
1
1
1
1
1
1
1
1
1
1
1
1
1
1
1
1
1
1
1
1
1
1
1
1
1
1
1
1
1
1
1
2
1
1
1
1
1
1
1
1
1
1
1
1
1
1
1
1
1
1
1
1
1
1
1
1
1
1
1
1
1
1
1
1
1
1
1
1
1
1
1
1
1
1
1
1
1
1
1
1
1
1
1
1
1
1
1
1
1
1
1
1
1
1
1
1
1
1
1
1
1
1
1
1
1
1
1
1
1
1
1
1
1
1
1
1
1
1
1
1
1
1
1
1
1
1
1
1
1
1
1
1
1
1
1
1
1
1
1
1
1
1
1
1
1
1
1
1
1
1
1
1
1
1
1
1
1
1
1
1
1
1
1
1
1
1
1
1
####
soil_type
1
nhru
178
1
2
2
2
2
2
2
2
2
2
2
2
2
2
2
2
2
2
2
2
2
2
2
2
2
2
2
2
2
2
2
2
2
2
2
2
2
2
2
2
2
2
2
2
2
2
2
2
2
2
2
2
2
2
2
2
2
2
2
2
2
2
2
2
2
2
2
2
2
2
2
2
2
2
2
2
2
2
2
2
2
2
2
2
2
2
2
2
2
2
2
2
2
2
2
2
2
2
2
2
2
2
2
2
2
2
2
2
2
2
2
2
2
2
2
2
2
2
2
2
2
2
2
2
2
2
2
2
2
2
2
2
2
2
2
2
2
2
2
2
2
2
2
2
2
2
2
2
2
2
2
2
2
2
2
2
2
2
2
2
2
2
2
2
2
2
2
2
2
2
2
2
2
2
2
2
2
2
2
####
hru_length
1
nhru
178
2
12.2
1.8
6.2
7.4
5.4
13.3
10.8
2.8
3.7
3.0
3.1
1.0
3.1
5.4
5.2
3.1
4.4
7.3
6.3
4.3
2.9
2.7
2.1
0.9
0.3
0.4
0.1
0.3
2.8
0.1
3.7
5.6
3.1
2.3
0.5
1.8
0.9
0.8
0.3
0.5
0.9
0.4
2.5
2.6
2.5
1.1
2.0
0.3
2.4
1.8
1.8
0.4
1.0
1.8
1.6
2.0
1.6
0.7
0.0
0.0
0.0
0.0
0.0
0.0
0.0
0.0
0.0
0.0
0.0
0.0
0.0
0.0
0.0
0.0
0.0
0.0
0.0
0.0
0.0
0.0
0.0
0.0
0.0
0.0
0.0
0.0
0.0
0.0
0.0
0.0
0.0
0.0
0.0
0.0
0.0
0.0
0.0
0.0
0.0
0.0
0.0
0.0
0.0
0.0
0.0
0.0
0.0
0.0
0.0
0.0
0.0
0.0
0.0
0.0
0.0
0.0
0.0
0.0
0.0
0.0
0.0
0.0
0.0
0.0
0.0
0.0
0.0
0.0
0.0
0.0
0.0
0.0
0.0
0.0
0.0
0.0
0.0
0.0
0.0
0.0
0.0
0.0
0.0
0.0
0.0
0.0
0.0
0.0
0.0
0.0
0.0
0.0
0.0
0.0
0.0
0.0
0.0
0.0
0.0
0.0
0.0
0.0
0.0
0.0
0.0
0.0
0.0
0.0
0.0
0.0
0.0
0.0
0.0
0.0
0.0
0.0
0.0
0.0
####
min_lapse
2
nlapse
nmonths
36
2
0.013971
-0.0231749993
0.0
0.0
-0.0625369996
-0.090373002
0.0841049999
-0.0374439992
-0.0997330025
0.0787779987
0.0
-0.151938006
0.0
0.0
-0.232003003
0.0
0.0
-0.255964994
0.0
0.0
-0.235134006
0.0
0.0
-0.219898999
0.0
0.0
-0.249605
0.0494030006
0.0
-0.141081005
0.0
-0.0536979996
-0.0751999989
-0.0265149996
-0.096221
-0.0445489995
####
poi_gage_segment
1
npoigages
1
1
33
####
soil_moist_init
1
one
1
2
3.0
####
melt_force
1
one
1
1
140
####
solrad_elev
1
one
1
2
0.0
####
hru_slope
1
nhru
178
2
0.0012
0.0862
0.0348
0.0337
0.0415
0.0234
0.061
0.172
0.244
0.3211
0.3106
0.5545
0.7114
0.0053
0.0519
0.0746
0.0492
0.028
0.0398
0.0865
0.1482
0.1893
0.2788
0.3918
0.5858
0.6559
0.8876
0.6308
0.2685
0.0944
0.0727
0.0571
0.0691
0.1749
0.316
0.2999
0.285
0.4095
0.772
0.6376
0.4861
0.5158
0.1773
0.056
0.1624
0.2466
0.0583
0.2887
0.0847
0.2174
0.3424
0.5438
0.4358
0.6257
0.2818
0.0847
0.2095
0.3033
0.0308
0.0113
0.0079
0.0292
0.0119
0.0107
0.0335
0.012
0.012
0.0395
0.0384
0.0132
0.0275
0.0434
0.0408
0.0437
0.0365
0.0189
0.0341
0.0148
0.0376
0.0184
0.0169
0.0256
0.025
0.0307
0.0485
0.0272
0.0373
0.0502
0.0402
0.0562
0.0414
0.0637
0.0318
0.0236
0.0404
0.0213
0.0305
0.0379
0.0205
0.043
0.0156
0.2579
0.1002
0.0529
0.1684
0.0621
0.0561
0.0189
0.1422
0.2648
0.0657
0.0857
0.1627
0.0048
0.151
0.045
0.1931
0.1842
0.2058
0.1325
0.2152
0.0529
0.0244
0.1035
0.1899
0.0802
0.0756
0.0529
0.1105
0.0336
0.2196
0.0061
0.2045
0.1044
0.0801
0.0338
0.0647
0.1288
0.0384
0.1226
0.0804
0.2196
0.1866
0.0529
0.242
0.2598
0.3509
4.0E-4
0.3808
0.2632
0.1575
0.4018
0.3823
0.4317
0.3865
0.0148
0.3585
0.0276
0.3213
0.4617
0.4361
0.4728
0.0381
0.5195
0.44
0.409
0.0482
0.4887
0.4952
0.6476
0.6136
0.6314
0.7813
0.684
0.6689
0.685
0.6245
0.603
####
obsin_segment
1
nsegment
94
1
0
0
0
0
0
0
0
0
0
0
0
0
0
0
0
0
0
0
0
0
0
0
0
0
0
0
0
0
0
0
0
0
0
0
0
0
0
0
0
0
0
0
0
0
0
0
0
0
0
0
0
0
0
0
0
0
0
0
0
0
0
0
0
0
0
0
0
0
0
0
0
0
0
0
0
0
0
0
0
0
0
0
0
0
0
0
0
0
0
0
0
0
0
0
####
max_gldepth
1
one
1
2
1.5
####
potet_sublim
1
one
1
2
0.27406618
####
tstorm_mo
1
nmonths
12
1
0
0
0
0
1
1
1
1
1
0
0
0
####
radmax
1
one
1
2
0.8
####
crad_exp
1
one
1
2
0.61
####
hru_width
1
nhru
178
2
1.6795082
5.672222
2.6048386
4.022973
4.177778
4.6661654
11.612963
20.74643
9.183784
3.7866666
2.1645162
1.63
0.10967742
2.7203703
2.7961538
5.496774
4.8
3.9780822
4.0634923
7.144186
12.782759
13.296296
8.809524
10.4777775
13.666667
12.475
12.3
1.8
0.7178571
17.7
1.954054
2.4071429
3.6225805
4.656522
15.98
4.5666666
9.255555
6.4125
4.866667
5.88
1.7777778
2.175
1.012
0.7153846
2.312
2.6818182
0.655
4.3333335
0.40833333
1.1666666
1.5833334
5.875
1.66
0.15
1.24375
0.94
1.2875
1.3714286
0.0
0.0
0.0
0.0
0.0
0.0
0.0
0.0
0.0
0.0
0.0
0.0
0.0
0.0
0.0
0.0
0.0
0.0
0.0
0.0
0.0
0.0
0.0
0.0
0.0
0.0
0.0
0.0
0.0
0.0
0.0
0.0
0.0
0.0
0.0
0.0
0.0
0.0
0.0
0.0
0.0
0.0
0.0
0.0
0.0
0.0
0.0
0.0
0.0
0.0
0.0
0.0
0.0
0.0
0.0
0.0
0.0
0.0
0.0
0.0
0.0
0.0
0.0
0.0
0.0
0.0
0.0
0.0
0.0
0.0
0.0
0.0
0.0
0.0
0.0
0.0
0.0
0.0
0.0
0.0
0.0
0.0
0.0
0.0
0.0
0.0
0.0
0.0
0.0
0.0
0.0
0.0
0.0
0.0
0.0
0.0
0.0
0.0
0.0
0.0
0.0
0.0
0.0
0.0
0.0
0.0
0.0
0.0
0.0
0.0
0.0
0.0
0.0
0.0
0.0
0.0
0.0
0.0
0.0
0.0
####
glacrva_coef
1
one
1
2
0.28
####
net_mbc_zero
1
nmonths
12
1
19500901
19940530
19990512
20130901
0
0
0
0
0
0
0
0
####
adjmix_rain
1
nmonths
12
2
1.0
1.0
1.0
1.0
1.0
1.0
1.0
1.0
1.0
1.0
1.0
1.0
####
temp_units
1
one
1
1
0
####
snowinfil_max
1
one
1
2
2.0
####
gwsink_coef
1
one
1
2
0.0
####
z_div
1
one
1
2
687.307434
####
sat_threshold
1
one
1
2
10.0
####
snowpack_init
1
one
1
2
0.0
####
snarea_curve
1
ndeplval
22
2
0.05
0.24
0.4
0.53
0.65
0.75
0.82
0.88
0.93
0.99
1.0
0.05
0.25
0.4
0.48
0.54
0.58
0.61
0.64
0.66
0.68
0.7
####
crad_coef
1
one
1
2
0.4
####
jh_coef_hru
1
nhru
178
2
20.3005
20.1031
19.685
19.029
18.368
17.5887
17.1006
16.3999
15.7464
15.1061
14.4133
13.7892
13.1257
19.7715
19.6242
19.2781
18.6614
17.9544
17.295
16.6143
15.9493
15.3147
14.6531
13.9962
13.3174
12.3521
11.2272
10.6939
18.8965
18.9338
18.2595
17.6601
17.0334
16.3679
15.619
14.9539
14.2671
13.6682
12.9396
11.9483
10.8709
10.2471
17.1546
16.8713
16.2534
15.634
18.8322
18.4816
18.3471
17.655
16.824
16.1077
15.4326
14.5732
17.4213
16.8897
16.2681
15.5734
19.4895
20.1821
20.2561
19.5522
20.0743
20.4567
19.7391
19.9814
20.0117
19.5383
19.7416
20.1932
19.9408
19.772
19.7336
19.7458
19.3128
19.6195
19.4735
20.1884
19.0327
19.7069
20.4543
19.1349
19.6952
19.4798
20.148
20.3624
19.3199
20.7592
19.6981
19.0792
19.8181
20.7208
20.6244
20.6451
19.5281
20.5318
20.3575
19.9901
20.188
20.2977
19.8691
17.4309
18.5211
18.9618
18.2617
19.6051
20.1004
19.9243
18.5052
17.3221
18.6935
18.6677
18.2415
20.4917
18.415
19.953
18.3031
18.0807
17.7751
18.1989
17.8367
19.4835
20.1893
19.2915
18.8673
19.3211
19.6064
19.7569
19.8083
19.9004
18.918
20.2804
18.9974
19.4341
19.3603
19.6855
19.3695
19.6445
19.4971
19.1091
18.9077
18.5373
19.0885
19.2566
17.8106
17.914
19.5947
20.2999
18.2123
18.6164
18.9702
17.3811
18.0031
17.3515
17.9246
19.6785
17.9458
19.5103
18.4819
17.3871
17.7848
16.9905
19.606
16.8953
17.5706
17.5469
18.2266
17.3661
17.0898
17.684
16.1236
16.0334
15.1828
15.1848
13.7402
14.3659
15.3368
15.2409
####
z_add
1
one
1
2
-1231.16858
####
stage_exp
1
one
1
2
0.4
####
rad_trncf
1
nhru
178
2
0.9917
0.8069
0.9917
0.9917
0.9917
0.9917
0.9917
0.9917
0.9917
0.9917
0.9917
0.9917
0.9917
0.9306
0.9747
0.9917
0.9917
0.9917
0.9917
0.9917
0.9917
0.9917
0.9917
0.9917
0.9917
0.9917
0.9917
0.9917
0.9351
0.9917
0.9917
0.9917
0.9917
0.9917
0.9917
0.9917
0.9917
0.9917
0.9917
0.9917
0.9917
0.9917
0.9917
0.9917
0.9917
0.9917
0.9917
0.9917
0.9917
0.9917
0.9917
0.9917
0.9917
0.9917
0.9917
0.9917
0.9917
0.9917
0.9917
0.9917
0.9917
0.9917
0.9917
0.9917
0.9917
0.9917
0.9917
0.9917
0.9917
0.9917
0.9917
0.9917
0.9917
0.9917
0.9917
0.9917
0.9917
0.9917
0.9917
0.9917
0.9917
0.9917
0.9917
0.9917
0.9917
0.9917
0.9917
0.9917
0.9917
0.9917
0.9917
0.9917
0.9917
0.9917
0.9917
0.9917
0.9917
0.9917
0.9917
0.9917
0.9917
0.9917
0.9917
0.9917
0.9917
0.9917
0.9917
0.9917
0.9917
0.9917
0.9917
0.9917
0.9917
0.9917
0.9917
0.9592
0.9917
0.9917
0.9917
0.9917
0.9917
0.9721
0.9917
0.9502
0.6848
0.9917
0.7957
0.859
0.9304
0.7832
0.7633
0.9917
0.5348
0.4921
0.4929
0.9917
0.5957
0.8339
0.9917
0.62
0.9917
0.728
0.741
0.9495
0.9341
0.7953
0.5548
0.9917
0.7423
0.8554
0.6333
0.9258
0.7965
0.9649
0.9262
0.9917
0.9917
0.9917
0.6695
0.9776
0.9657
0.97
0.9917
0.973
0.9351
0.9354
0.9917
0.9752
0.9675
0.8038
0.9917
0.9917
0.9917
0.9917
0.9917
0.9917
0.9917
0.9917
####
hru_percent_imperv
1
nhru
178
2
0.9639
0.1312
0.0019
0.0
0.0
0.0
0.0
0.0
0.0
0.0
0.0
0.0
0.0
0.1116
0.0131
0.0
0.0
0.0
0.0
0.0
0.0
0.0
0.0
0.0
0.0
0.0
0.0
0.0
0.0
0.0
0.0
0.0
0.0
0.0
0.0
0.0
0.0
0.0
0.0
0.0
0.0
0.0
0.0
0.0
0.0
0.0
0.0
0.0
0.0
0.0
0.0
0.0
0.0
0.0
0.0
0.0
0.0
0.0
0.1119
0.0205
0.0192
0.1296
0.0162
0.0332
0.0219
0.0569
0.0568
0.112
0.0788
0.0266
0.0677
0.0067
0.0479
0.0466
0.0556
0.0574
0.0615
2.0E-4
0.0323
0.2011
0.0066
0.0196
0.1072
0.0261
0.0465
0.0296
0.0177
0.1241
0.0384
0.0142
0.0789
0.0633
0.0306
0.0222
0.0568
0.0105
0.0252
0.0371
0.0049
0.0
0.0422
0.0018
7.0E-4
0.0163
0.0037
0.0415
0.0762
0.0
0.0029
0.0
0.0015
0.0609
0.0
0.0406
0.0
0.031
0.0
0.0022
0.0
0.0011
1.0E-4
0.0056
0.3711
0.0092
0.0264
0.0375
0.028
0.0256
0.3278
0.1287
0.0115
0.5178
0.146
0.0725
0.0033
0.0621
0.0
0.5339
0.0155
0.0342
0.042
0.0399
0.19
0.0376
0.0
0.0
0.0928
0.9284
0.0539
0.0444
0.0344
0.0
0.0019
0.0
0.0
0.0
0.1078
0.0
0.0
0.0
0.0
0.0
0.0
0.0
0.0013
0.0
0.0
2.0E-4
0.0
0.0
0.0
0.0
0.0
0.0
0.0
0.0
0.0
0.0
####
settle_const
1
one
1
2
0.1
####
x_coef
1
nsegment
94
2
0.2
0.2
0.2
0.2
0.2
0.2
0.2
0.2
0.2
0.2
0.2
0.2
0.2
0.2
0.2
0.2
0.2
0.2
0.2
0.2
0.2
0.2
0.2
0.2
0.2
0.2
0.2
0.2
0.2
0.2
0.2
0.2
0.2
0.2
0.2
0.2
0.2
0.2
0.2
0.2
0.2
0.2
0.2
0.2
0.2
0.2
0.2
0.2
0.2
0.2
0.2
0.2
0.2
0.2
0.2
0.2
0.2
0.2
0.2
0.2
0.2
0.2
0.2
0.2
0.2
0.2
0.2
0.2
0.2
0.2
0.2
0.2
0.2
0.2
0.2
0.2
0.2
0.2
0.2
0.2
0.2
0.2
0.2
0.2
0.2
0.2
0.2
0.2
0.2
0.2
0.2
0.2
0.2
0.2
####
segment_flow_init
1
nsegment
94
2
0.0
0.0
0.0
0.0
0.0
0.0
0.0
0.0
0.0
0.0
0.0
0.0
0.0
0.0
0.0
0.0
0.0
0.0
0.0
0.0
0.0
0.0
0.0
0.0
0.0
0.0
0.0
0.0
0.0
0.0
0.0
0.0
0.0
0.0
0.0
0.0
0.0
0.0
0.0
0.0
0.0
0.0
0.0
0.0
0.0
0.0
0.0
0.0
0.0
0.0
0.0
0.0
0.0
0.0
0.0
0.0
0.0
0.0
0.0
0.0
0.0
0.0
0.0
0.0
0.0
0.0
0.0
0.0
0.0
0.0
0.0
0.0
0.0
0.0
0.0
0.0
0.0
0.0
0.0
0.0
0.0
0.0
0.0
0.0
0.0
0.0
0.0
0.0
0.0
0.0
0.0
0.0
0.0
0.0
####
net_ard_zero
1
nmonths
12
1
1950
0
0
0
0
0
0
0
0
0
0
0
####
gwstor_init
1
one
1
2
2.0
####
snowfld_frac_init
1
nhru
178
2
0.0
0.0
0.0
0.0
0.0
0.0
0.0
0.0
0.0
0.0
0.0
0.0
0.0
0.0
0.0
0.0
0.0
0.0
0.0
0.0
0.0
0.0
0.0
0.0
0.0
0.0
0.0
0.0
0.0
0.0
0.0
0.0
0.0
0.0
0.0
0.0
0.0
0.0
0.0
0.0
0.0
0.0
0.0
0.0
0.0
0.0
0.0
0.0
0.0
0.0
0.0
0.0
0.0
0.0
0.0
0.0
0.0
0.0
0.0
0.0
0.0
0.0
0.0
0.0
0.0
0.0
0.0
0.0
0.0
0.0
0.0
0.0
0.0
0.0
0.0
0.0
0.0
0.0
0.0
0.0
0.0
0.0
0.0
0.0
0.0
0.0
0.0
0.0
0.0
0.0
0.0
0.0
0.0
0.0
0.0
0.0
0.0
0.0
0.0
0.0
0.0
0.0
0.0
0.0
0.0
0.0
0.0
0.0
0.0
0.0
0.0
0.0
0.0
0.0
0.0
0.0
0.0
0.0
0.0
0.0
0.0
0.0
0.0
0.0
0.0
0.0
0.0
0.0
0.0
0.0
0.0
0.0
0.0
0.0
0.0
0.0
0.0
0.0
0.0
0.0
0.0
0.0
0.0
0.0
0.0
0.0
0.0
0.0
0.0
0.0015145974
0.0
0.0
0.0
0.01214867
0.0
0.0
0.00456877
0.0
0.0
0.10352763
8.944951E-4
0.03084029
0.0
0.056841515
0.0010931777
0.060450528
0.0
0.026925772
0.022898948
0.0
0.09905621
0.014221777
0.0
0.07500025
0.0
0.0
0.0
0.0
####
soil_rechr_max_frac
1
one
1
2
0.4243
####
cfgi_decay
1
one
1
2
0.97
####
K_coef
1
nsegment
94
2
66.6428
63.4462
4.45553
11.608
4.73586
7.78409
5.45901
13.2587
150.35
14.2685
10.8316
24.8639
163.485
21.7913
3.08968
115.675
3.80603
4.43936
1.53695
1.18231
1.13088
3.77885
1.49263
2.22859
0.571419
1.60272
0.421277
0.668824
2.48672
1.76245
0.866409
0.442596
0.694326
0.022345
0.64048
0.16741
0.155584
0.00888574
1.72181
4.01857
3.44537
5.0062
5.55149
5.64372
2.80755
1.39982
65.0713
0.820755
0.158731
0.120486
0.472897
4.84468
1.64941
2.69467
7.34658
2.28491
2.06608
1.3822
0.825384
0.503109
0.0659812
0.0273693
0.0137195
0.0681467
0.0373822
2.69837
0.108901
1.29472
2.81026
1.13465
0.928891
0.110251
0.853845
0.567147
0.0983902
0.116916
0.0546232
0.192248
0.178638
0.0457329
0.949851
0.561259
8.662
0.11861
0.646771
0.692813
0.501629
0.356479
0.0658404
7.54542
0.886944
0.683039
0.396851
0.126472
####
transp_tmax
1
one
1
2
500.0
####
psta_nuse
1
nrain
11
1
1
1
1
0
1
1
1
1
1
1
0
####
tsta_nuse
1
ntemp
11
1
1
1
1
0
1
1
1
1
1
1
0
####
print_type
1
one
1
1
1
####
freeh2o_cap
1
one
1
2
0.19321534
####
gwflow_coef
1
one
1
2
0.015
####
conv_flag
1
one
1
1
0
####
stor_firn
1
nmonths
12
2
400.0
400.0
400.0
400.0
400.0
400.0
400.0
400.0
400.0
400.0
400.0
400.0
####
glacr_layer
1
one
1
2
3.94
####
hru_segment
1
nhru
178
1
39
40
41
42
43
44
45
46
47
48
49
50
50
51
52
53
54
55
56
57
58
59
60
61
62
63
64
65
66
67
68
69
70
71
72
73
74
75
76
77
78
79
80
81
82
83
84
85
86
87
88
89
90
90
91
92
93
94
8
12
12
8
12
19
8
14
14
11
8
14
18
11
18
11
11
13
13
14
9
13
19
9
13
9
30
31
9
33
17
22
29
32
32
33
17
10
31
30
10
4
4
2
20
22
2
26
29
4
20
2
3
3
2
10
1
10
1
3
1
3
1
4
28
4
6
25
10
26
28
7
6
27
27
25
5
24
5
7
16
24
16
7
7
16
5
5
21
21
39
23
23
23
23
15
15
51
21
51
15
21
6
51
52
52
6
15
52
40
52
66
66
37
56
52
71
37
44
45
####
hru_area
1
nhru
178
2
5063.079
2522.891
3990.665
7356.167
5574.576
15335.026
30991.281
14354.039
8396.458
2807.056
1658.041
402.773
84.014
3629.899
3592.834
4210.584
5218.752
7175.784
6325.76
7590.912
9159.997
8870.89
4571.35
2330.153
1013.11
1233.029
303.933
133.434
496.671
437.367
1786.533
3330.908
2774.933
2646.441
1974.329
2031.162
2058.343
1267.623
360.766
726.474
395.36
214.977
625.163
459.606
1428.238
728.945
323.701
321.23
242.158
518.91
704.235
580.685
410.186
66.717
491.729
464.548
509.026
237.216
17353.832
23479.441
11838.561
9211.888
28320.13
27835.814
1803.83
14153.888
10662.365
15132.404
2569.84
12355.0
20242.432
738.829
44020.863
1114.421
25181.96
10375.729
14979.202
10815.567
9646.784
3612.602
10103.919
15769.922
2811.998
8038.163
18119.844
10444.917
25085.592
2987.439
28119.98
32738.28
62733.746
1366.463
3316.082
10687.075
29167.684
1887.844
10689.546
31801.77
25831.834
2513.007
13298.922
8094.996
7188.139
47354.242
5381.838
28226.232
11635.939
1351.637
4250.12
16706.432
1697.577
1176.196
4294.598
1094.653
2305.443
19985.447
2384.515
15876.175
7556.318
8880.774
17334.064
6674.171
5107.557
20482.12
26825.176
8957.375
6172.558
14566.545
10818.038
15209.005
26956.139
1321.985
20998.559
10877.342
2221.429
7763.882
2878.715
30474.844
7193.081
13368.11
15898.414
13484.247
11559.338
16802.8
14554.19
19016.816
825.314
1277.507
42664.285
21613.838
6679.113
15255.954
10215.114
21329.672
7954.149
269.339
6716.178
279.223
5530.098
31129.658
7222.733
22491.043
190.267
19051.41
21228.361
9409.568
165.557
15028.622
5606.699
630.105
11680.417
4618.299
1425.767
5774.727
281.694
523.852
1457.89
1373.876
####
ppt_lapse
2
nlapse
nmonths
36
2
0.190476999
-0.254770994
0.764196992
0.184869006
-0.308393002
0.607667029
0.135720998
-0.261532009
0.396842986
0.102581002
-0.153173998
0.39674899
0.0876109973
-0.118520997
0.457776994
0.0
0.0
0.381507009
0.0
-0.159305006
0.462590009
0.222476006
0.0
1.23663497
0.275959015
-0.415535003
1.09772503
0.277763993
-0.358422995
1.11634898
0.217951998
-0.367134005
0.692786992
0.250806004
-0.276937008
0.995967984
####
radj_wppt
1
one
1
2
0.5
####
psta_x
1
nrain
11
2
450956.469
450119.062
355455.312
437781.844
349107.094
381330.188
370604.062
339715.031
374919.938
379011.469
440857.781
####
psta_y
1
nrain
11
2
1360033.25
1373045.0
1346950.0
1374288.0
1340693.0
1389009.75
1352285.75
1329944.88
1352753.5
1358477.0
1380376.38
####
ccov_slope
1
nmonths
12
2
-0.13
-0.13
-0.13
-0.13
-0.13
-0.13
-0.13
-0.13
-0.13
-0.13
-0.13
-0.13
####
rain_code
1
nmonths
12
1
5
5
5
5
5
5
5
5
5
5
5
5
####
fastcoef_lin
1
one
1
2
0.1
####
y_div
1
one
1
2
30964.8984
####
tmax_allsnow_dist
1
one
1
2
32.0
####
stor_ice
1
nmonths
12
2
10.0
10.0
10.0
10.0
10.0
10.0
10.0
10.0
10.0
10.0
10.0
10.0
####
tsta_month_max
1
nmonths
12
2
-0.989275813
3.68021512
12.0012436
25.9677505
38.1569138
48.737278
52.572052
49.2424011
38.9576607
21.4348068
5.25725985
-0.607078791
####
albedo_coef
1
one
1
2
0.137
####
glacrva_exp
1
one
1
2
1.375
####
epan_coef
1
one
1
2
1.0
####
tmax_allsnow
1
nmonths
12
2
32.0
32.0
32.0
32.0
32.0
32.0
32.0
32.0
32.0
32.0
32.0
32.0
####
y_add
1
one
1
2
-1328306.88
####
covden_win
1
nhru
178
2
0.0
0.0148
0.0
0.0
0.0
0.0
0.0
0.0
0.0
0.0
0.0
0.0
0.0
0.0085
0.0032
0.0
0.0
0.0
0.0
0.0
0.0
0.0
0.0
0.0
0.0
0.0
0.0
0.0
0.0074
0.0
0.0
0.0
0.0
0.0
0.0
0.0
0.0
0.0
0.0
0.0
0.0
0.0
0.0
0.0
0.0
0.0
0.0
0.0
0.0
0.0
0.0
0.0
0.0
0.0
0.0
0.0
0.0
0.0
0.0
0.0
0.0
0.0
0.0
0.0
0.0
0.0
0.0
0.0
0.0
0.0
0.0
0.0
0.0
0.0
0.0
0.0
0.0
0.0
0.0
0.0
0.0
0.0
0.0
0.0
0.0
0.0
0.0
0.0
0.0
0.0
0.0
0.0
0.0
0.0
0.0
0.0
0.0
0.0
0.0
0.0
0.0
0.0
0.0
0.0
0.0
0.0
0.0
0.0
0.0
0.0
0.0
0.0
0.0
0.0
0.0
0.0187
0.0
0.0
0.0
0.0
0.0
0.0158
0.0
0.0221
0.1099
0.0
0.0789
0.0496
0.0278
0.0729
0.0839
0.0
0.1639
0.235
0.2444
0.0
0.1861
0.0177
0.0
0.135
0.0
0.0642
0.0578
0.0249
0.0103
0.0391
0.1345
0.0
0.0562
0.027
0.104
0.0051
0.0288
0.0038
0.0125
0.0
0.0
0.0
0.0954
0.0017
0.0091
0.002
0.0
0.0031
0.0143
0.0092
0.0
0.0017
0.002
0.0486
0.0
0.0
0.0
0.0
0.0
0.0
0.0
0.0
####
hru_x
1
nhru
178
2
389583.84
390178.28
388671.53
386864.12
386857.66
386246.88
385338.7
382235.75
378635.16
373732.7
368628.6
366828.25
366127.88
358263.03
356957.44
358654.7
361954.75
366050.78
368844.56
369740.75
370938.97
369035.1
365231.2
363029.28
362126.94
360725.94
359026.16
358925.47
358349.5
357949.56
358146.12
359042.8
360339.16
360236.25
359435.22
358932.84
358631.44
358530.78
356327.97
356327.16
356426.78
356026.38
372552.78
372650.72
373449.4
373948.9
379851.16
379249.4
379148.0
379245.88
378745.75
379244.8
378744.0
379744.38
378050.4
376749.28
375247.2
374646.12
386050.44
420657.7
425360.75
382947.47
418760.84
430454.88
389342.22
409943.56
411848.3
383532.47
388340.2
418049.38
402938.38
389538.88
398532.44
390137.12
387127.16
370022.25
377023.34
418042.97
353909.66
371817.28
425543.22
355407.56
374219.0
364814.0
415134.9
422539.66
364806.72
437045.47
381713.1
355697.78
396019.16
432943.5
432740.72
435238.8
373906.3
430736.2
424133.88
410220.72
424827.3
421433.97
416022.97
322882.28
342693.2
352488.03
335188.2
374500.9
401815.9
418326.2
342990.5
322677.94
346392.1
346890.28
332984.72
432332.06
336785.66
427721.0
339584.84
341380.84
329779.88
344279.78
332877.75
422216.0
390106.66
418511.38
402593.1
366292.88
429016.88
376995.4
392902.75
379994.8
399095.97
387701.72
392994.5
367386.47
372588.56
360083.75
371088.12
384283.72
356180.3
362178.7
346272.6
377582.97
380383.9
350971.62
368275.56
371878.44
388692.44
387783.28
393478.16
354662.9
361071.28
366465.94
362762.62
374963.88
380170.97
358760.0
388354.44
359558.47
382969.4
381355.06
397372.66
368856.12
356853.22
354645.6
400971.62
378760.2
363549.9
391059.28
362948.47
359250.12
360841.56
371645.47
367636.28
363837.88
355730.4
367433.6
375235.9
374530.16
####
hru_y
1
nhru
178
2
1326557.1
1321459.1
1315261.4
1308864.2
1302566.6
1293171.4
1284974.8
1284276.8
1285376.5
1284976.5
1283578.8
1283679.5
1283978.2
1322062.5
1317065.9
1313768.9
1311067.1
1305869.1
1298771.5
1294273.8
1292175.2
1289376.8
1287578.2
1286477.2
1285280.0
1284878.6
1285678.4
1285580.5
1308669.4
1308569.2
1305671.8
1301871.8
1297874.1
1295176.0
1294277.6
1292575.2
1291275.8
1290377.6
1289178.1
1288378.6
1287478.4
1287279.8
1305168.2
1303370.1
1300970.6
1300271.5
1300069.9
1298870.6
1297670.5
1295671.2
1294771.2
1293972.2
1293471.8
1293471.8
1300369.8
1299670.6
1298371.2
1297372.9
1391131.0
1382630.1
1383828.5
1390032.0
1386828.9
1375932.6
1382233.2
1374736.5
1377433.0
1375636.4
1380634.5
1376234.5
1373035.5
1378634.0
1369238.5
1377535.5
1368239.0
1371941.1
1369739.4
1370534.9
1367843.4
1366841.5
1367235.8
1364644.0
1367242.2
1367043.2
1363638.4
1365437.2
1360245.1
1363736.5
1358144.8
1356049.0
1357643.1
1363934.8
1361436.4
1358437.1
1355447.5
1358238.1
1358939.2
1352742.5
1352541.2
1360239.4
1351442.8
1356553.2
1357650.2
1348352.4
1356551.4
1350249.5
1351744.2
1354343.5
1354951.5
1353153.5
1354851.6
1352750.9
1354252.5
1353440.5
1353053.2
1345244.5
1351353.5
1346455.9
1351255.5
1344155.5
1347755.8
1342145.9
1348047.9
1339447.0
1329754.9
1345851.5
1340546.4
1343551.6
1343049.6
1341752.8
1333652.2
1344548.9
1335452.5
1339254.5
1339553.4
1340754.5
1339354.8
1328656.8
1338956.4
1334156.9
1336260.2
1331556.0
1330755.5
1332959.6
1328558.8
1329758.2
1335253.5
1327557.4
1319358.4
1323464.5
1327960.2
1320763.4
1318864.8
1313863.9
1319161.2
1318265.1
1299170.5
1316366.0
1315762.2
1302767.5
1312161.1
1310365.8
1313068.0
1306870.2
1309661.6
1309266.4
1306469.6
1302467.5
1305270.4
1308468.1
1299873.0
1298671.6
1291175.9
1294073.8
1291577.2
1288976.1
1287175.6
1281877.9
####
tmax_allrain_offset
1
nmonths
12
2
6.0
6.0
6.0
6.0
6.0
6.0
6.0
6.0
6.0
6.0
6.0
6.0
####
wrain_intcp
1
nhru
178
2
0.0
0.0077
0.0
0.0
0.0
0.0
0.0
0.0
0.0
0.0
0.0
0.0
0.0
0.0237
0.0134
0.0
0.0
0.0
0.0
0.0
0.0
0.0
0.0
0.0
0.0
0.0
0.0
0.0
0.0068
0.0
1.0E-4
0.0
0.0
0.0
0.0
0.0
0.0
0.0
0.0
0.0
0.0
0.0
0.0
0.0
0.0
0.0
0.0023
0.0082
0.0
0.0
0.0
0.0
0.0
0.0
0.0
0.0
0.0
0.0
0.0444
0.0481
0.0471
0.0435
0.0489
0.0461
0.0488
0.0471
0.0471
0.0444
0.046
0.0483
0.0464
0.0496
0.047
0.0476
0.0472
0.0471
0.0468
0.0498
0.0483
0.0399
0.0481
0.049
0.0446
0.0487
0.045
0.0462
0.0487
0.0335
0.0476
0.0491
0.045
0.0389
0.0395
0.0449
0.0471
0.041
0.0468
0.0459
0.0484
0.0428
0.0457
0.0391
0.0492
0.049
0.048
0.046
0.0454
0.0493
0.0497
0.0363
0.0499
0.047
0.049
0.0474
0.0499
0.0474
0.0497
0.0496
0.046
0.0499
0.0445
0.0482
0.0309
0.0472
0.045
0.0471
0.0482
0.0474
0.0333
0.0431
0.0473
0.0186
0.0393
0.0454
0.0493
0.0457
0.0497
0.0155
0.0489
0.047
0.0478
0.0353
0.0317
0.0479
0.0332
0.0353
0.0283
1.0E-4
0.0318
0.0293
0.0438
0.0162
0.0223
0.0181
0.0252
0.0344
4.0E-4
0.0
0.0307
0.0078
0.0356
0.0098
6.0E-4
0.0112
0.0259
0.0171
0.0
0.007
0.0062
0.0198
0.0012
2.0E-4
0.0
0.0
0.0
0.0
0.0
0.0
####
psta_freq_nuse
1
nrain
11
1
1
1
1
0
1
1
1
1
1
1
0
####
fastcoef_sq
1
one
1
2
0.8
####
ppt_zero_thresh
1
one
1
2
0.0
####
glrette_frac_init
1
one
1
2
0.0
####
segment_type
1
one
1
1
1
####
obsout_segment
1
one
1
1
0
